Run semi-empirical minimization
 &qmmm
    qm_theory='AM1', grms_tol=0.0005,
 scfconv=1.d-10, ndiis_attempts=700,   qmcharge=0,
 /
   6    C1       16.9170       21.1850      -11.2920 
   7    N1       14.9710       18.4160      -12.9950 
   8    O1       12.8250       19.3610      -13.7600 
  16    S1       17.3950       19.4310      -13.3880 
   6    C2       16.2330       20.4650      -12.4680 
   7    N2       14.4680       19.3840      -15.7670 
   8    O2       12.4540       19.3000      -17.0660 
   6    C3       15.0990       19.5260      -12.0120 
   8    O3       13.9760       19.1290       -9.8880 
   6    C4       16.0170       18.4230      -14.0260 
   8    O4       15.5980       17.6530      -10.4430 
   6    C5       14.8700       18.1830      -14.9700 
   6    C6       13.7320       18.2670      -13.8520 
   6    C7       13.8770       19.1950      -17.1010 
   6    C8       14.4670       20.1850      -18.1250 
   6    C9       14.2230       21.6570      -17.7500 
   6   C10       15.5040       22.4860      -17.9570 
   6   C11       15.3300       23.9550      -17.5130 
   6   C12       13.8590       24.4240      -17.4950 
   6   C13       13.0340       23.7770      -18.6250 
   6   C14       13.0340       22.2340      -18.5490 
   6   C15       15.2220       19.0220      -10.5490 
   6   C16       15.6240       21.5430      -13.3790 
   1    H2       12.7790       19.5970      -12.8160 
   1    H4       12.1020       18.6670      -16.4140 
   1    H7       13.9360       20.0660      -15.2290 
   1   H12       14.0140       18.4390       -9.2010 
   1   H15       16.4980       17.5670      -10.7820 

