Run semi-empirical minimization
 &qmmm
    qm_theory='AM1', grms_tol=0.0005,
 scfconv=1.d-10, ndiis_attempts=700,   qmcharge=0,
 /
   6    C9      -33.4830      -14.9200      -18.2420 
   6   C10      -33.3030      -13.6020      -18.7130 
   6   C11      -33.9520      -13.1860      -19.8810 
   6   C12      -34.8240      -14.0300      -20.5580 
   6   C13      -35.0110      -15.3310      -20.1070 
   6   C14      -34.3220      -15.7640      -18.9770 
   6    C7      -32.9280      -15.4280      -17.0470 
   7    N3      -32.3580      -14.6300      -16.1040 
   6    C6      -31.9940      -15.2770      -14.9770 
   6    C4      -30.9420      -14.9280      -14.0680 
   6    C5      -31.6960      -16.6680      -15.0660 
   7    N1      -30.2110      -15.9780      -13.5350 
   7    N2      -30.7120      -17.0550      -14.1950 
   6   C22      -30.1770      -18.3970      -14.0090 
   6    C8      -32.4170      -17.3980      -16.1320 
   7    N4      -32.9980      -16.7910      -16.8690 
   8    O1      -32.3390      -18.5850      -16.3780 
   6    C3      -30.9810      -13.5980      -13.3640 
   6    C2      -30.8850      -12.4440      -14.3750 
   6    C1      -31.6170      -11.1970      -13.8500 
   8    O4      -32.4570      -12.7070      -18.0820 
   6   C20      -32.1970      -11.3920      -18.6190 
   6   C21      -32.4510      -10.3590      -17.5130 
  16    S1      -36.3280      -16.3150      -20.7500 
   8    O2      -36.8810      -15.6800      -21.9140 
   8    O3      -35.7410      -17.6250      -20.7360 
   7    N5      -37.3870      -16.2630      -19.5010 
   6   C15      -37.6720      -14.9540      -18.8740 
   6   C16      -38.2730      -15.1430      -17.4670 
   7    N6      -39.4750      -16.0000      -17.5190 
   6   C17      -39.1940      -17.3060      -18.1540 
   6   C19      -40.0390      -16.1830      -16.1740 
   6   C18      -38.5820      -17.1300      -19.5610 
   1   H21      -29.8390      -12.2140      -14.5880 
   1   H13      -31.5480      -10.3830      -14.5750 
   1   H12      -32.6740      -11.4180      -13.6810 
   1   H11      -31.1770      -10.8600      -12.9090 

