Run semi-empirical minimization
 &qmmm
    qm_theory='AM1', grms_tol=0.0005,
 scfconv=1.d-10, ndiis_attempts=700,   qmcharge=0,
 /
   6    C1       17.1250       20.4540      -12.4580 
   7    N1       13.9670       19.7570      -14.4460 
   8    O1       14.2230       19.4560      -17.0520 
  16    S1       15.1420       18.5120      -12.4240 
   6    C2       16.1850       19.6420      -13.3840 
   7    N2       14.1330       17.1420      -15.8790 
   8    O2       14.3470       15.1600      -17.1290 
   6    C3       15.2150       20.5280      -14.2210 
   8    O3       13.9720       22.6040      -14.5200 
   6    C4       13.8770       18.4770      -13.7330 
   8    O4       14.0890       21.7320      -12.3840 
   6    C5       13.2670       18.0130      -15.0320 
   6    C6       13.4930       19.3820      -15.8260 
   6    C7       13.8050       15.7080      -15.9370 
   6    C8       14.2920       14.9400      -14.6800 
   6    C9       15.8290       14.9730      -14.4330 
   6   C10       16.1510       14.5610      -12.9760 
   6   C11       17.6560       14.7440      -12.6520 
   6   C12       18.5770       14.5010      -13.8730 
   6   C13       17.9380       13.5090      -14.8630 
   6   C14       16.6110       14.0690      -15.4350 
   6   C15       14.8150       21.8970      -13.6040 
   6   C16       17.0810       18.8370      -14.3570 
   1   H01       17.6940       21.1920      -13.0280 
   1   H02       16.5650       20.9730      -11.6780 
   1   H03       17.8350       19.7900      -11.9590 
   1   H04       14.9940       20.0410      -16.9110 
   1   H05       14.1800       17.5150      -16.8250 
   1   H06       14.0490       15.7310      -17.8580 
   1   H07       15.6870       20.7420      -15.1840 
   1   H08       14.2090       22.3530      -15.4350 
   1   H09       12.8830       18.3630      -13.2760 
   1   H10       13.3360       22.3490      -12.3850 
   1   H11       12.2240       17.6790      -14.9470 
   1   H12       12.8540       20.2240      -15.5410 
   1   H13       12.7130       15.6100      -16.0340 
   1   H14       13.9530       13.9020      -14.7390 
   1   H15       13.7850       15.3730      -13.8140 
   1   H16       16.1770       15.9990      -14.5540 
   1   H17       15.8710       13.5140      -12.8290 
   1   H18       15.5630       15.1530      -12.2710 
   1   H19       17.9260       14.0570      -11.8460 
   1   H20       17.8300       15.7560      -12.2790 
   1   H21       19.5460       14.1250      -13.5360 
   1   H22       18.7590       15.4480      -14.3890 
   1   H23       17.7460       12.5630      -14.3490 
   1   H24       18.6290       13.2950      -15.6820 
   1   H25       16.8340       14.6530      -16.3310 
   1   H26       15.9950       13.2240      -15.7510 
   1   H27       15.6950       22.5270      -13.4040 
   1   H28       17.6940       18.1160      -13.8110 
   1   H29       16.4830       18.2860      -15.0840 
   1   H30       17.7490       19.5000      -14.9120 

