Run semi-empirical minimization
 &qmmm
    qm_theory='AM1', grms_tol=0.0005,
 scfconv=1.d-10, ndiis_attempts=700,   qmcharge=0,
 /
   1    H1       48.0330       49.9100       50.8560 
   1    H2       45.5860       49.8790       50.4290 
   1    H3       44.7220       50.1210       48.1180 
   1    H4       48.7500       50.4510       46.6520 
   1    H5       49.6130       50.2070       48.9640 
   6    C1       47.6540       50.0180       49.8400 
   6    C2       46.2830       49.9950       49.5990 
   6    C3       45.7980       50.1210       48.2930 
   6    C4       46.6740       50.2470       47.2070 
   6    C5       48.0500       50.3050       47.4750 
   6    C6       48.5390       50.1790       48.7790 
   7    N1       46.2330       50.4390       45.8740 
   1    H6       46.7540       49.8580       45.2140 
   7    N2       44.8630       50.5680       45.6000 
   1    H7       44.4360       51.2260       46.2540 
   1    H8       44.3840       49.6740       45.7260 

