Run semi-empirical minimization
 &qmmm
    qm_theory='AM1', grms_tol=0.0005,
 scfconv=1.d-10, ndiis_attempts=700,   qmcharge=0,
 /
   8     O        1.3540       -1.7540        0.8710 
  15     P        2.1770       -0.6800       -0.0210 
   8    O1        1.4830       -0.2530       -1.2820 
   8    O2        2.5300        0.5250        1.0000 
   6     C        1.9240        0.5700        2.2810 
   6    C1        1.1340        1.8630        2.4020 
   7     N       -0.0830        1.7980        1.6070 
   1     H       -0.7720        1.2150        2.0800 
   1    H1       -0.4930        2.7280        1.5390 
   8    O3        3.5960       -1.4220       -0.2670 
   1    H2        4.3720       -1.1430        0.2620 
   6    C2        0.2500       -2.4180        0.2780 
   6    C3        0.5890       -3.8860        0.0500 
   8    O4        1.7290       -4.2220        0.8440 
   6    C4        1.5280       -5.1970        1.7770 
   8    O5        0.6460       -6.0450        1.7590 
   6    C5        2.5650       -5.0850        2.8530 
   6    C6        0.9350       -4.1580       -1.4080 
   8    O6        2.3200       -3.8990       -1.6110 
   6    C7        2.6650       -3.4500       -2.8560 
   8    O7        3.3770       -2.4880       -3.1030 
   6    C8        2.0350       -4.3210       -3.9010 
   1    H3        2.6800        0.5380        3.0380 
   1    H4        1.2710       -0.2690        2.4050 
   1    H5        1.7370        2.6770        2.0560 
   1    H6        0.8680        2.0090        3.4280 
   1    H7        0.0210       -1.9570       -0.6600 
   1    H8       -0.5950       -2.3490        0.9310 
   1    H9       -0.2650       -4.4710        0.3190 
   1   H10        3.2170       -4.2650        2.6360 
   1   H11        3.1330       -5.9910        2.8960 
   1   H12        2.0850       -4.9200        3.7950 
   1   H13        0.3540       -3.5190       -2.0400 
   1   H14        0.7190       -5.1780       -1.6470 
   1   H15        1.4620       -5.0900       -3.4260 
   1   H16        2.8000       -4.7660       -4.5030 
   1   H17        1.3930       -3.7290       -4.5190 

