Run semi-empirical minimization
 &qmmm
    qm_theory='AM1', grms_tol=0.0005,
 scfconv=1.d-10, ndiis_attempts=700,   qmcharge=0,
 /
   6    C1      -32.5480       -0.9000       49.4950 
   7    N1      -31.4490       -2.7540       48.1770 
   8    O1      -28.0080       -4.9140       46.8820 
   6    C2      -32.7070       -2.2820       48.8290 
   7    N2      -32.6610       -3.4810       46.1870 
   8    O2      -27.8570       -5.0530       49.9750 
   6    C3      -30.4090       -3.0900       49.1880 
   8    O3      -26.7240       -3.1310       49.2960 
   6    C4      -29.0510       -3.4190       48.5330 
   6    C5      -29.2350       -4.6160       47.5610 
   6    C6      -30.3450       -4.3150       46.5250 
   6    C7      -31.6660       -3.8810       47.2210 
   6    C8      -32.6880       -4.2930       44.9440 
   6    C9      -32.0670       -5.6890       45.1650 
   6   C10      -30.5950       -5.5590       45.6210 
   6   C11      -34.1370       -4.4040       44.4310 
   6   C12      -28.0000       -3.6650       49.6590 
   1   H01      -32.1310       -0.1790       48.7880 
   1   H02      -33.5230       -0.5310       49.8210 
   1   H03      -31.9010       -0.9460       50.3730 
   1   H04      -27.7250       -4.1240       46.3850 
   1   H05      -33.4990       -2.1710       48.0850 
   1   H06      -33.0430       -3.0140       49.5680 
   1   H07      -33.5860       -3.4470       46.6090 
   1   H08      -27.7060       -5.5460       49.1400 
   1   H09      -30.7410       -3.9430       49.7870 
   1   H10      -30.2550       -2.2410       49.8570 
   1   H11      -26.4500       -2.4810       49.9770 
   1   H12      -28.7430       -2.5430       47.9550 
   1   H13      -29.5410       -5.4940       48.1370 
   1   H14      -30.0140       -3.4870       45.8910 
   1   H15      -32.0760       -4.7350       47.7820 
   1   H16      -32.0910       -3.7780       44.1860 
   1   H17      -32.1130       -6.2800       44.2470 
   1   H18      -32.6390       -6.2270       45.9260 
   1   H19      -30.3200       -6.4780       46.1450 
   1   H20      -29.9460       -5.4890       44.7440 
   1   H21      -34.5530       -3.4110       44.2460 
   1   H22      -34.1710       -4.9670       43.4960 
   1   H23      -34.7690       -4.9120       45.1630 
   1   H24      -28.2980       -3.1490       50.5850 

