-16.15450	-11.91120	13.10000
-14.67210	-11.91120	13.10000
-13.18960	-11.91120	13.10000
-11.70720	-11.91120	13.10000
-10.22480	-11.91120	13.10000
-8.74243	-11.91120	13.10000
-7.26002	-11.91120	13.10000
-5.77762	-11.91120	13.10000
-4.29521	-11.91120	13.10000
-2.81281	-11.91120	13.10000
-1.33040	-11.91120	13.10000
0.15201	-11.91120	12.00000
1.63441	-11.91120	12.00000
3.11682	-11.91120	10.40000
4.59923	-11.91120	12.00000
6.08163	-11.91120	13.10000
7.56404	-11.91120	13.10000
9.04645	-11.91120	13.10000
10.52890	-11.91120	13.10000
12.01130	-11.91120	13.10000
13.49370	-11.91120	13.10000
14.97610	-11.91120	12.00000
16.45850	-11.91120	12.00000
17.94090	-11.91120	13.10000
19.42330	-11.91120	13.10000
20.90570	-11.91120	13.10000
22.38810	-11.91120	13.10000
23.87050	-11.91120	13.10000
25.35290	-11.91120	13.10000
26.83530	-11.91120	13.10000
28.31770	-11.91120	13.10000
29.80010	-11.91120	13.10000
-16.15450	-11.16980	13.10000
-14.67210	-11.16980	13.10000
-13.18960	-11.16980	13.10000
-11.70720	-11.16980	13.10000
-10.22480	-11.16980	13.10000
-8.74243	-11.16980	13.10000
-7.26002	-11.16980	13.10000
-5.77762	-11.16980	13.10000
-4.29521	-11.16980	13.10000
-2.81281	-11.16980	13.10000
-1.33040	-11.16980	10.40000
0.15201	-11.16980	10.40000
1.63441	-11.16980	10.40000
3.11682	-11.16980	12.00000
4.59923	-11.16980	12.00000
6.08163	-11.16980	12.00000
7.56404	-11.16980	13.10000
9.04645	-11.16980	13.10000
10.52890	-11.16980	13.10000
12.01130	-11.16980	13.10000
13.49370	-11.16980	13.10000
14.97610	-11.16980	8.18000
16.45850	-11.16980	7.63000
17.94090	-11.16980	8.72000
19.42330	-11.16980	13.10000
20.90570	-11.16980	13.10000
22.38810	-11.16980	13.10000
23.87050	-11.16980	13.10000
25.35290	-11.16980	13.10000
26.83530	-11.16980	13.10000
28.31770	-11.16980	13.10000
29.80010	-11.16980	13.10000
-16.15450	-10.42830	13.10000
-14.67210	-10.42830	13.10000
-13.18960	-10.42830	13.10000
-11.70720	-10.42830	13.10000
-10.22480	-10.42830	13.10000
-8.74243	-10.42830	13.10000
-7.26002	-10.42830	13.10000
-5.77762	-10.42830	13.10000
-4.29521	-10.42830	13.10000
-2.81281	-10.42830	13.10000
-1.33040	-10.42830	13.10000
0.15201	-10.42830	9.27000
1.63441	-10.42830	13.10000
3.11682	-10.42830	12.00000
4.59923	-10.42830	8.72000
6.08163	-10.42830	9.27000
7.56404	-10.42830	6.00000
9.04645	-10.42830	6.00000
10.52890	-10.42830	7.09000
12.01130	-10.42830	7.09000
13.49370	-10.42830	10.40000
14.97610	-10.42830	7.09000
16.45850	-10.42830	6.54000
17.94090	-10.42830	9.27000
19.42330	-10.42830	13.10000
20.90570	-10.42830	13.10000
22.38810	-10.42830	13.10000
23.87050	-10.42830	13.10000
25.35290	-10.42830	13.10000
26.83530	-10.42830	13.10000
28.31770	-10.42830	13.10000
29.80010	-10.42830	13.10000
-16.15450	-9.68693	13.10000
-14.67210	-9.68693	13.10000
-13.18960	-9.68693	13.10000
-11.70720	-9.68693	13.10000
-10.22480	-9.68693	13.10000
-8.74243	-9.68693	13.10000
-7.26002	-9.68693	13.10000
-5.77762	-9.68693	13.10000
-4.29521	-9.68693	13.10000
-2.81281	-9.68693	12.00000
-1.33040	-9.68693	10.40000
0.15201	-9.68693	13.10000
1.63441	-9.68693	10.40000
3.11682	-9.68693	8.18000
4.59923	-9.68693	6.00000
6.08163	-9.68693	5.45000
7.56404	-9.68693	4.36000
9.04645	-9.68693	5.45000
10.52890	-9.68693	7.63000
12.01130	-9.68693	12.00000
13.49370	-9.68693	9.27000
14.97610	-9.68693	8.72000
16.45850	-9.68693	10.40000
17.94090	-9.68693	10.40000
19.42330	-9.68693	13.10000
20.90570	-9.68693	13.10000
22.38810	-9.68693	13.10000
23.87050	-9.68693	13.10000
25.35290	-9.68693	13.10000
26.83530	-9.68693	13.10000
28.31770	-9.68693	13.10000
29.80010	-9.68693	13.10000
-16.15450	-8.94552	13.10000
-14.67210	-8.94552	13.10000
-13.18960	-8.94552	13.10000
-11.70720	-8.94552	13.10000
-10.22480	-8.94552	13.10000
-8.74243	-8.94552	13.10000
-7.26002	-8.94552	13.10000
-5.77762	-8.94552	13.10000
-4.29521	-8.94552	10.40000
-2.81281	-8.94552	9.27000
-1.33040	-8.94552	6.00000
0.15201	-8.94552	7.63000
1.63441	-8.94552	8.18000
3.11682	-8.94552	4.91000
4.59923	-8.94552	6.54000
6.08163	-8.94552	9.27000
7.56404	-8.94552	6.54000
9.04645	-8.94552	6.00000
10.52890	-8.94552	12.00000
12.01130	-8.94552	12.00000
13.49370	-8.94552	9.27000
14.97610	-8.94552	13.10000
16.45850	-8.94552	12.00000
17.94090	-8.94552	12.00000
19.42330	-8.94552	13.10000
20.90570	-8.94552	13.10000
22.38810	-8.94552	13.10000
23.87050	-8.94552	13.10000
25.35290	-8.94552	10.40000
26.83530	-8.94552	8.72000
28.31770	-8.94552	13.10000
29.80010	-8.94552	13.10000
-16.15450	-8.20411	13.10000
-14.67210	-8.20411	13.10000
-13.18960	-8.20411	13.10000
-11.70720	-8.20411	13.10000
-10.22480	-8.20411	13.10000
-8.74243	-8.20411	13.10000
-7.26002	-8.20411	13.10000
-5.77762	-8.20411	12.00000
-4.29521	-8.20411	5.45000
-2.81281	-8.20411	8.72000
-1.33040	-8.20411	8.18000
0.15201	-8.20411	6.00000
1.63441	-8.20411	5.45000
3.11682	-8.20411	6.00000
4.59923	-8.20411	6.54000
6.08163	-8.20411	8.72000
7.56404	-8.20411	7.09000
9.04645	-8.20411	7.63000
10.52890	-8.20411	7.09000
12.01130	-8.20411	9.27000
13.49370	-8.20411	7.09000
14.97610	-8.20411	7.09000
16.45850	-8.20411	10.40000
17.94090	-8.20411	9.27000
19.42330	-8.20411	10.40000
20.90570	-8.20411	13.10000
22.38810	-8.20411	13.10000
23.87050	-8.20411	13.10000
25.35290	-8.20411	12.00000
26.83530	-8.20411	12.00000
28.31770	-8.20411	12.00000
29.80010	-8.20411	12.00000
-16.15450	-7.46270	13.10000
-14.67210	-7.46270	13.10000
-13.18960	-7.46270	13.10000
-11.70720	-7.46270	10.40000
-10.22480	-7.46270	13.10000
-8.74243	-7.46270	13.10000
-7.26002	-7.46270	13.10000
-5.77762	-7.46270	5.45000
-4.29521	-7.46270	6.54000
-2.81281	-7.46270	7.09000
-1.33040	-7.46270	8.18000
0.15201	-7.46270	7.63000
1.63441	-7.46270	7.09000
3.11682	-7.46270	6.00000
4.59923	-7.46270	7.09000
6.08163	-7.46270	13.10000
7.56404	-7.46270	8.72000
9.04645	-7.46270	9.27000
10.52890	-7.46270	10.40000
12.01130	-7.46270	10.40000
13.49370	-7.46270	9.27000
14.97610	-7.46270	8.72000
16.45850	-7.46270	7.09000
17.94090	-7.46270	10.40000
19.42330	-7.46270	13.10000
20.90570	-7.46270	13.10000
22.38810	-7.46270	13.10000
23.87050	-7.46270	12.00000
25.35290	-7.46270	9.27000
26.83530	-7.46270	13.10000
28.31770	-7.46270	13.10000
29.80010	-7.46270	13.10000
-16.15450	-6.72129	13.10000
-14.67210	-6.72129	13.10000
-13.18960	-6.72129	13.10000
-11.70720	-6.72129	6.00000
-10.22480	-6.72129	13.10000
-8.74243	-6.72129	13.10000
-7.26002	-6.72129	7.09000
-5.77762	-6.72129	5.45000
-4.29521	-6.72129	7.09000
-2.81281	-6.72129	6.54000
-1.33040	-6.72129	8.18000
0.15201	-6.72129	7.09000
1.63441	-6.72129	6.00000
3.11682	-6.72129	6.00000
4.59923	-6.72129	8.72000
6.08163	-6.72129	13.10000
7.56404	-6.72129	7.63000
9.04645	-6.72129	8.18000
10.52890	-6.72129	7.09000
12.01130	-6.72129	10.40000
13.49370	-6.72129	8.18000
14.97610	-6.72129	10.40000
16.45850	-6.72129	7.09000
17.94090	-6.72129	9.27000
19.42330	-6.72129	10.40000
20.90570	-6.72129	12.00000
22.38810	-6.72129	13.10000
23.87050	-6.72129	13.10000
25.35290	-6.72129	13.10000
26.83530	-6.72129	13.10000
28.31770	-6.72129	13.10000
29.80010	-6.72129	13.10000
-16.15450	-5.97988	13.10000
-14.67210	-5.97988	13.10000
-13.18960	-5.97988	6.00000
-11.70720	-5.97988	4.36000
-10.22480	-5.97988	12.00000
-8.74243	-5.97988	8.72000
-7.26002	-5.97988	5.45000
-5.77762	-5.97988	6.00000
-4.29521	-5.97988	5.45000
-2.81281	-5.97988	5.45000
-1.33040	-5.97988	6.54000
0.15201	-5.97988	7.63000
1.63441	-5.97988	6.00000
3.11682	-5.97988	6.00000
4.59923	-5.97988	8.72000
6.08163	-5.97988	8.18000
7.56404	-5.97988	7.09000
9.04645	-5.97988	6.54000
10.52890	-5.97988	8.18000
12.01130	-5.97988	7.09000
13.49370	-5.97988	10.40000
14.97610	-5.97988	8.72000
16.45850	-5.97988	10.40000
17.94090	-5.97988	10.40000
19.42330	-5.97988	9.27000
20.90570	-5.97988	9.27000
22.38810	-5.97988	13.10000
23.87050	-5.97988	13.10000
25.35290	-5.97988	13.10000
26.83530	-5.97988	13.10000
28.31770	-5.97988	13.10000
29.80010	-5.97988	13.10000
-16.15450	-5.23847	13.10000
-14.67210	-5.23847	13.10000
-13.18960	-5.23847	4.91000
-11.70720	-5.23847	3.27000
-10.22480	-5.23847	6.54000
-8.74243	-5.23847	5.45000
-7.26002	-5.23847	5.45000
-5.77762	-5.23847	8.18000
-4.29521	-5.23847	7.63000
-2.81281	-5.23847	7.09000
-1.33040	-5.23847	9.27000
0.15201	-5.23847	6.00000
1.63441	-5.23847	8.18000
3.11682	-5.23847	7.09000
4.59923	-5.23847	8.18000
6.08163	-5.23847	12.00000
7.56404	-5.23847	7.09000
9.04645	-5.23847	7.09000
10.52890	-5.23847	8.18000
12.01130	-5.23847	7.63000
13.49370	-5.23847	8.72000
14.97610	-5.23847	12.00000
16.45850	-5.23847	10.40000
17.94090	-5.23847	9.27000
19.42330	-5.23847	8.72000
20.90570	-5.23847	10.40000
22.38810	-5.23847	13.10000
23.87050	-5.23847	12.00000
25.35290	-5.23847	13.10000
26.83530	-5.23847	13.10000
28.31770	-5.23847	13.10000
29.80010	-5.23847	13.10000
-16.15450	-4.49706	13.10000
-14.67210	-4.49706	8.72000
-13.18960	-4.49706	2.18000
-11.70720	-4.49706	4.36000
-10.22480	-4.49706	1.64000
-8.74243	-4.49706	3.27000
-7.26002	-4.49706	4.36000
-5.77762	-4.49706	8.18000
-4.29521	-4.49706	9.27000
-2.81281	-4.49706	9.27000
-1.33040	-4.49706	6.00000
0.15201	-4.49706	8.18000
1.63441	-4.49706	7.09000
3.11682	-4.49706	7.09000
4.59923	-4.49706	7.09000
6.08163	-4.49706	7.09000
7.56404	-4.49706	8.18000
9.04645	-4.49706	6.54000
10.52890	-4.49706	8.18000
12.01130	-4.49706	9.27000
13.49370	-4.49706	9.27000
14.97610	-4.49706	7.09000
16.45850	-4.49706	8.72000
17.94090	-4.49706	6.54000
19.42330	-4.49706	8.72000
20.90570	-4.49706	13.10000
22.38810	-4.49706	12.00000
23.87050	-4.49706	13.10000
25.35290	-4.49706	13.10000
26.83530	-4.49706	13.10000
28.31770	-4.49706	13.10000
29.80010	-4.49706	13.10000
-16.15450	-3.75565	13.10000
-14.67210	-3.75565	6.54000
-13.18960	-3.75565	3.82000
-11.70720	-3.75565	3.82000
-10.22480	-3.75565	0.54500
-8.74243	-3.75565	3.27000
-7.26002	-3.75565	6.00000
-5.77762	-3.75565	7.63000
-4.29521	-3.75565	8.18000
-2.81281	-3.75565	8.72000
-1.33040	-3.75565	7.09000
0.15201	-3.75565	9.27000
1.63441	-3.75565	7.09000
3.11682	-3.75565	7.09000
4.59923	-3.75565	7.63000
6.08163	-3.75565	7.09000
7.56404	-3.75565	7.09000
9.04645	-3.75565	8.18000
10.52890	-3.75565	6.00000
12.01130	-3.75565	10.40000
13.49370	-3.75565	9.27000
14.97610	-3.75565	7.09000
16.45850	-3.75565	10.40000
17.94090	-3.75565	10.40000
19.42330	-3.75565	7.63000
20.90570	-3.75565	13.10000
22.38810	-3.75565	12.00000
23.87050	-3.75565	13.10000
25.35290	-3.75565	13.10000
26.83530	-3.75565	13.10000
28.31770	-3.75565	13.10000
29.80010	-3.75565	13.10000
-16.15450	-3.01424	13.10000
-14.67210	-3.01424	4.91000
-13.18960	-3.01424	6.54000
-11.70720	-3.01424	1.64000
-10.22480	-3.01424	0.00000
-8.74243	-3.01424	3.27000
-7.26002	-3.01424	6.00000
-5.77762	-3.01424	7.09000
-4.29521	-3.01424	7.63000
-2.81281	-3.01424	10.40000
-1.33040	-3.01424	9.27000
0.15201	-3.01424	12.00000
1.63441	-3.01424	6.54000
3.11682	-3.01424	10.40000
4.59923	-3.01424	10.40000
6.08163	-3.01424	6.00000
7.56404	-3.01424	9.27000
9.04645	-3.01424	8.72000
10.52890	-3.01424	8.72000
12.01130	-3.01424	9.27000
13.49370	-3.01424	10.40000
14.97610	-3.01424	9.27000
16.45850	-3.01424	8.72000
17.94090	-3.01424	7.63000
19.42330	-3.01424	7.09000
20.90570	-3.01424	12.00000
22.38810	-3.01424	13.10000
23.87050	-3.01424	13.10000
25.35290	-3.01424	13.10000
26.83530	-3.01424	13.10000
28.31770	-3.01424	13.10000
29.80010	-3.01424	13.10000
-16.15450	-2.27283	13.10000
-14.67210	-2.27283	4.91000
-13.18960	-2.27283	6.54000
-11.70720	-2.27283	2.18000
-10.22480	-2.27283	2.18000
-8.74243	-2.27283	6.00000
-7.26002	-2.27283	4.36000
-5.77762	-2.27283	6.54000
-4.29521	-2.27283	9.27000
-2.81281	-2.27283	9.27000
-1.33040	-2.27283	13.10000
0.15201	-2.27283	12.00000
1.63441	-2.27283	8.72000
3.11682	-2.27283	13.10000
4.59923	-2.27283	12.00000
6.08163	-2.27283	7.63000
7.56404	-2.27283	7.63000
9.04645	-2.27283	8.18000
10.52890	-2.27283	7.09000
12.01130	-2.27283	9.27000
13.49370	-2.27283	10.40000
14.97610	-2.27283	8.72000
16.45850	-2.27283	8.72000
17.94090	-2.27283	7.09000
19.42330	-2.27283	10.40000
20.90570	-2.27283	8.72000
22.38810	-2.27283	10.40000
23.87050	-2.27283	12.00000
25.35290	-2.27283	12.00000
26.83530	-2.27283	13.10000
28.31770	-2.27283	13.10000
29.80010	-2.27283	13.10000
-16.15450	-1.53142	13.10000
-14.67210	-1.53142	5.45000
-13.18960	-1.53142	6.00000
-11.70720	-1.53142	5.45000
-10.22480	-1.53142	4.91000
-8.74243	-1.53142	7.09000
-7.26002	-1.53142	6.54000
-5.77762	-1.53142	9.27000
-4.29521	-1.53142	10.40000
-2.81281	-1.53142	13.10000
-1.33040	-1.53142	12.00000
0.15201	-1.53142	8.72000
1.63441	-1.53142	8.72000
3.11682	-1.53142	8.72000
4.59923	-1.53142	7.09000
6.08163	-1.53142	12.00000
7.56404	-1.53142	7.09000
9.04645	-1.53142	6.54000
10.52890	-1.53142	9.27000
12.01130	-1.53142	8.72000
13.49370	-1.53142	12.00000
14.97610	-1.53142	9.27000
16.45850	-1.53142	12.00000
17.94090	-1.53142	9.27000
19.42330	-1.53142	9.27000
20.90570	-1.53142	12.00000
22.38810	-1.53142	13.10000
23.87050	-1.53142	10.40000
25.35290	-1.53142	13.10000
26.83530	-1.53142	13.10000
28.31770	-1.53142	13.10000
29.80010	-1.53142	13.10000
-16.15450	-0.79001	9.27000
-14.67210	-0.79001	4.36000
-13.18960	-0.79001	5.45000
-11.70720	-0.79001	4.36000
-10.22480	-0.79001	4.91000
-8.74243	-0.79001	7.09000
-7.26002	-0.79001	6.00000
-5.77762	-0.79001	10.40000
-4.29521	-0.79001	12.00000
-2.81281	-0.79001	10.40000
-1.33040	-0.79001	8.72000
0.15201	-0.79001	8.72000
1.63441	-0.79001	8.18000
3.11682	-0.79001	10.40000
4.59923	-0.79001	10.40000
6.08163	-0.79001	8.72000
7.56404	-0.79001	8.72000
9.04645	-0.79001	8.72000
10.52890	-0.79001	8.18000
12.01130	-0.79001	8.72000
13.49370	-0.79001	12.00000
14.97610	-0.79001	8.18000
16.45850	-0.79001	7.63000
17.94090	-0.79001	8.72000
19.42330	-0.79001	9.27000
20.90570	-0.79001	12.00000
22.38810	-0.79001	13.10000
23.87050	-0.79001	13.10000
25.35290	-0.79001	13.10000
26.83530	-0.79001	13.10000
28.31770	-0.79001	12.00000
29.80010	-0.79001	13.10000
-16.15450	-0.04860	6.54000
-14.67210	-0.04860	6.00000
-13.18960	-0.04860	7.63000
-11.70720	-0.04860	4.91000
-10.22480	-0.04860	5.45000
-8.74243	-0.04860	8.72000
-7.26002	-0.04860	9.27000
-5.77762	-0.04860	8.72000
-4.29521	-0.04860	8.18000
-2.81281	-0.04860	9.27000
-1.33040	-0.04860	6.54000
0.15201	-0.04860	6.54000
1.63441	-0.04860	9.27000
3.11682	-0.04860	7.09000
4.59923	-0.04860	8.72000
6.08163	-0.04860	7.63000
7.56404	-0.04860	9.27000
9.04645	-0.04860	7.09000
10.52890	-0.04860	8.72000
12.01130	-0.04860	10.40000
13.49370	-0.04860	10.40000
14.97610	-0.04860	7.09000
16.45850	-0.04860	10.40000
17.94090	-0.04860	13.10000
19.42330	-0.04860	13.10000
20.90570	-0.04860	13.10000
22.38810	-0.04860	12.00000
23.87050	-0.04860	13.10000
25.35290	-0.04860	13.10000
26.83530	-0.04860	13.10000
28.31770	-0.04860	13.10000
29.80010	-0.04860	13.10000
-16.15450	0.69281	7.63000
-14.67210	0.69281	6.00000
-13.18960	0.69281	10.40000
-11.70720	0.69281	6.00000
-10.22480	0.69281	6.54000
-8.74243	0.69281	10.40000
-7.26002	0.69281	12.00000
-5.77762	0.69281	10.40000
-4.29521	0.69281	6.54000
-2.81281	0.69281	6.00000
-1.33040	0.69281	6.00000
0.15201	0.69281	4.91000
1.63441	0.69281	6.00000
3.11682	0.69281	5.45000
4.59923	0.69281	8.18000
6.08163	0.69281	7.09000
7.56404	0.69281	9.27000
9.04645	0.69281	7.09000
10.52890	0.69281	7.09000
12.01130	0.69281	8.18000
13.49370	0.69281	8.18000
14.97610	0.69281	7.09000
16.45850	0.69281	10.40000
17.94090	0.69281	13.10000
19.42330	0.69281	13.10000
20.90570	0.69281	12.00000
22.38810	0.69281	13.10000
23.87050	0.69281	13.10000
25.35290	0.69281	13.10000
26.83530	0.69281	13.10000
28.31770	0.69281	13.10000
29.80010	0.69281	13.10000
-16.15450	1.43422	10.40000
-14.67210	1.43422	8.18000
-13.18960	1.43422	9.27000
-11.70720	1.43422	6.00000
-10.22480	1.43422	7.09000
-8.74243	1.43422	13.10000
-7.26002	1.43422	8.72000
-5.77762	1.43422	7.09000
-4.29521	1.43422	7.09000
-2.81281	1.43422	3.27000
-1.33040	1.43422	4.36000
0.15201	1.43422	4.36000
1.63441	1.43422	4.36000
3.11682	1.43422	6.54000
4.59923	1.43422	6.00000
6.08163	1.43422	6.54000
7.56404	1.43422	10.40000
9.04645	1.43422	9.27000
10.52890	1.43422	8.18000
12.01130	1.43422	7.09000
13.49370	1.43422	7.63000
14.97610	1.43422	6.54000
16.45850	1.43422	6.54000
17.94090	1.43422	10.40000
19.42330	1.43422	10.40000
20.90570	1.43422	13.10000
22.38810	1.43422	13.10000
23.87050	1.43422	13.10000
25.35290	1.43422	13.10000
26.83530	1.43422	13.10000
28.31770	1.43422	13.10000
29.80010	1.43422	13.10000
-16.15450	2.17563	8.72000
-14.67210	2.17563	7.09000
-13.18960	2.17563	6.00000
-11.70720	2.17563	5.45000
-10.22480	2.17563	6.00000
-8.74243	2.17563	12.00000
-7.26002	2.17563	8.18000
-5.77762	2.17563	7.63000
-4.29521	2.17563	6.00000
-2.81281	2.17563	6.00000
-1.33040	2.17563	6.00000
0.15201	2.17563	4.91000
1.63441	2.17563	4.36000
3.11682	2.17563	7.09000
4.59923	2.17563	6.54000
6.08163	2.17563	7.09000
7.56404	2.17563	9.27000
9.04645	2.17563	9.27000
10.52890	2.17563	9.27000
12.01130	2.17563	7.63000
13.49370	2.17563	8.18000
14.97610	2.17563	8.18000
16.45850	2.17563	9.27000
17.94090	2.17563	10.40000
19.42330	2.17563	7.09000
20.90570	2.17563	13.10000
22.38810	2.17563	13.10000
23.87050	2.17563	13.10000
25.35290	2.17563	13.10000
26.83530	2.17563	13.10000
28.31770	2.17563	13.10000
29.80010	2.17563	13.10000
-16.15450	2.91704	13.10000
-14.67210	2.91704	8.72000
-13.18960	2.91704	6.00000
-11.70720	2.91704	4.91000
-10.22480	2.91704	5.45000
-8.74243	2.91704	8.72000
-7.26002	2.91704	6.54000
-5.77762	2.91704	8.18000
-4.29521	2.91704	5.45000
-2.81281	2.91704	5.45000
-1.33040	2.91704	5.45000
0.15201	2.91704	5.45000
1.63441	2.91704	4.36000
3.11682	2.91704	5.45000
4.59923	2.91704	6.54000
6.08163	2.91704	8.18000
7.56404	2.91704	10.40000
9.04645	2.91704	10.40000
10.52890	2.91704	8.18000
12.01130	2.91704	8.18000
13.49370	2.91704	7.63000
14.97610	2.91704	8.18000
16.45850	2.91704	10.40000
17.94090	2.91704	9.27000
19.42330	2.91704	8.18000
20.90570	2.91704	12.00000
22.38810	2.91704	13.10000
23.87050	2.91704	13.10000
25.35290	2.91704	13.10000
26.83530	2.91704	13.10000
28.31770	2.91704	13.10000
29.80010	2.91704	13.10000
-16.15450	3.65845	13.10000
-14.67210	3.65845	9.27000
-13.18960	3.65845	6.54000
-11.70720	3.65845	4.91000
-10.22480	3.65845	6.00000
-8.74243	3.65845	6.54000
-7.26002	3.65845	6.00000
-5.77762	3.65845	6.00000
-4.29521	3.65845	3.82000
-2.81281	3.65845	4.91000
-1.33040	3.65845	5.45000
0.15201	3.65845	5.45000
1.63441	3.65845	4.91000
3.11682	3.65845	6.54000
4.59923	3.65845	6.00000
6.08163	3.65845	9.27000
7.56404	3.65845	12.00000
9.04645	3.65845	6.54000
10.52890	3.65845	5.45000
12.01130	3.65845	7.09000
13.49370	3.65845	6.54000
14.97610	3.65845	5.45000
16.45850	3.65845	9.27000
17.94090	3.65845	7.09000
19.42330	3.65845	9.27000
20.90570	3.65845	13.10000
22.38810	3.65845	13.10000
23.87050	3.65845	13.10000
25.35290	3.65845	13.10000
26.83530	3.65845	13.10000
28.31770	3.65845	13.10000
29.80010	3.65845	13.10000
-16.15450	4.39986	13.10000
-14.67210	4.39986	8.72000
-13.18960	4.39986	12.00000
-11.70720	4.39986	4.91000
-10.22480	4.39986	6.54000
-8.74243	4.39986	6.00000
-7.26002	4.39986	6.00000
-5.77762	4.39986	7.09000
-4.29521	4.39986	4.91000
-2.81281	4.39986	5.45000
-1.33040	4.39986	6.00000
0.15201	4.39986	4.36000
1.63441	4.39986	6.54000
3.11682	4.39986	8.72000
4.59923	4.39986	6.54000
6.08163	4.39986	7.63000
7.56404	4.39986	8.18000
9.04645	4.39986	6.00000
10.52890	4.39986	4.91000
12.01130	4.39986	6.00000
13.49370	4.39986	6.00000
14.97610	4.39986	6.00000
16.45850	4.39986	6.54000
17.94090	4.39986	10.40000
19.42330	4.39986	10.40000
20.90570	4.39986	13.10000
22.38810	4.39986	13.10000
23.87050	4.39986	13.10000
25.35290	4.39986	13.10000
26.83530	4.39986	13.10000
28.31770	4.39986	13.10000
29.80010	4.39986	13.10000
-16.15450	5.14127	13.10000
-14.67210	5.14127	8.18000
-13.18960	5.14127	12.00000
-11.70720	5.14127	8.18000
-10.22480	5.14127	7.63000
-8.74243	5.14127	4.91000
-7.26002	5.14127	6.00000
-5.77762	5.14127	6.54000
-4.29521	5.14127	6.54000
-2.81281	5.14127	8.72000
-1.33040	5.14127	7.09000
0.15201	5.14127	6.54000
1.63441	5.14127	6.00000
3.11682	5.14127	12.00000
4.59923	5.14127	9.27000
6.08163	5.14127	10.40000
7.56404	5.14127	8.72000
9.04645	5.14127	8.18000
10.52890	5.14127	6.00000
12.01130	5.14127	6.54000
13.49370	5.14127	8.18000
14.97610	5.14127	6.00000
16.45850	5.14127	7.09000
17.94090	5.14127	9.27000
19.42330	5.14127	7.63000
20.90570	5.14127	13.10000
22.38810	5.14127	13.10000
23.87050	5.14127	13.10000
25.35290	5.14127	12.00000
26.83530	5.14127	13.10000
28.31770	5.14127	13.10000
29.80010	5.14127	13.10000
-16.15450	5.88268	13.10000
-14.67210	5.88268	10.40000
-13.18960	5.88268	13.10000
-11.70720	5.88268	7.09000
-10.22480	5.88268	12.00000
-8.74243	5.88268	4.91000
-7.26002	5.88268	6.00000
-5.77762	5.88268	8.18000
-4.29521	5.88268	7.09000
-2.81281	5.88268	12.00000
-1.33040	5.88268	13.10000
0.15201	5.88268	8.72000
1.63441	5.88268	8.72000
3.11682	5.88268	10.40000
4.59923	5.88268	6.54000
6.08163	5.88268	6.54000
7.56404	5.88268	7.09000
9.04645	5.88268	6.54000
10.52890	5.88268	6.54000
12.01130	5.88268	8.18000
13.49370	5.88268	6.54000
14.97610	5.88268	6.54000
16.45850	5.88268	8.18000
17.94090	5.88268	8.72000
19.42330	5.88268	13.10000
20.90570	5.88268	13.10000
22.38810	5.88268	13.10000
23.87050	5.88268	13.10000
25.35290	5.88268	10.40000
26.83530	5.88268	13.10000
28.31770	5.88268	13.10000
29.80010	5.88268	13.10000
-16.15450	6.62409	13.10000
-14.67210	6.62409	12.00000
-13.18960	6.62409	9.27000
-11.70720	6.62409	7.63000
-10.22480	6.62409	8.72000
-8.74243	6.62409	5.45000
-7.26002	6.62409	5.45000
-5.77762	6.62409	7.63000
-4.29521	6.62409	7.09000
-2.81281	6.62409	10.40000
-1.33040	6.62409	10.40000
0.15201	6.62409	7.09000
1.63441	6.62409	7.63000
3.11682	6.62409	8.18000
4.59923	6.62409	10.40000
6.08163	6.62409	10.40000
7.56404	6.62409	5.45000
9.04645	6.62409	6.00000
10.52890	6.62409	6.00000
12.01130	6.62409	8.18000
13.49370	6.62409	12.00000
14.97610	6.62409	7.09000
16.45850	6.62409	8.72000
17.94090	6.62409	10.40000
19.42330	6.62409	13.10000
20.90570	6.62409	13.10000
22.38810	6.62409	13.10000
23.87050	6.62409	13.10000
25.35290	6.62409	13.10000
26.83530	6.62409	13.10000
28.31770	6.62409	13.10000
29.80010	6.62409	13.10000
-16.15450	7.36550	13.10000
-14.67210	7.36550	12.00000
-13.18960	7.36550	13.10000
-11.70720	7.36550	7.09000
-10.22480	7.36550	6.00000
-8.74243	7.36550	6.54000
-7.26002	7.36550	5.45000
-5.77762	7.36550	7.63000
-4.29521	7.36550	6.00000
-2.81281	7.36550	7.09000
-1.33040	7.36550	8.18000
0.15201	7.36550	9.27000
1.63441	7.36550	10.40000
3.11682	7.36550	13.10000
4.59923	7.36550	12.00000
6.08163	7.36550	10.40000
7.56404	7.36550	8.72000
9.04645	7.36550	6.54000
10.52890	7.36550	8.18000
12.01130	7.36550	8.72000
13.49370	7.36550	8.72000
14.97610	7.36550	7.63000
16.45850	7.36550	12.00000
17.94090	7.36550	12.00000
19.42330	7.36550	13.10000
20.90570	7.36550	12.00000
22.38810	7.36550	12.00000
23.87050	7.36550	13.10000
25.35290	7.36550	10.40000
26.83530	7.36550	10.40000
28.31770	7.36550	10.40000
29.80010	7.36550	12.00000
-16.15450	8.10691	13.10000
-14.67210	8.10691	13.10000
-13.18960	8.10691	13.10000
-11.70720	8.10691	9.27000
-10.22480	8.10691	12.00000
-8.74243	8.10691	6.54000
-7.26002	8.10691	6.00000
-5.77762	8.10691	8.18000
-4.29521	8.10691	5.45000
-2.81281	8.10691	6.54000
-1.33040	8.10691	7.09000
0.15201	8.10691	9.27000
1.63441	8.10691	13.10000
3.11682	8.10691	13.10000
4.59923	8.10691	13.10000
6.08163	8.10691	12.00000
7.56404	8.10691	9.27000
9.04645	8.10691	10.40000
10.52890	8.10691	9.27000
12.01130	8.10691	6.00000
13.49370	8.10691	7.09000
14.97610	8.10691	4.91000
16.45850	8.10691	7.09000
17.94090	8.10691	12.00000
19.42330	8.10691	13.10000
20.90570	8.10691	13.10000
22.38810	8.10691	12.00000
23.87050	8.10691	12.00000
25.35290	8.10691	12.00000
26.83530	8.10691	13.10000
28.31770	8.10691	13.10000
29.80010	8.10691	13.10000
-16.15450	8.84832	13.10000
-14.67210	8.84832	13.10000
-13.18960	8.84832	13.10000
-11.70720	8.84832	13.10000
-10.22480	8.84832	8.72000
-8.74243	8.84832	6.00000
-7.26002	8.84832	6.54000
-5.77762	8.84832	7.63000
-4.29521	8.84832	7.09000
-2.81281	8.84832	7.09000
-1.33040	8.84832	6.00000
0.15201	8.84832	6.54000
1.63441	8.84832	12.00000
3.11682	8.84832	13.10000
4.59923	8.84832	13.10000
6.08163	8.84832	12.00000
7.56404	8.84832	9.27000
9.04645	8.84832	10.40000
10.52890	8.84832	10.40000
12.01130	8.84832	7.63000
13.49370	8.84832	9.27000
14.97610	8.84832	10.40000
16.45850	8.84832	10.40000
17.94090	8.84832	13.10000
19.42330	8.84832	13.10000
20.90570	8.84832	13.10000
22.38810	8.84832	13.10000
23.87050	8.84832	13.10000
25.35290	8.84832	13.10000
26.83530	8.84832	13.10000
28.31770	8.84832	13.10000
29.80010	8.84832	13.10000
-16.15450	9.58973	13.10000
-14.67210	9.58973	13.10000
-13.18960	9.58973	13.10000
-11.70720	9.58973	13.10000
-10.22480	9.58973	10.40000
-8.74243	9.58973	6.00000
-7.26002	9.58973	6.54000
-5.77762	9.58973	7.09000
-4.29521	9.58973	7.63000
-2.81281	9.58973	4.36000
-1.33040	9.58973	6.54000
0.15201	9.58973	7.09000
1.63441	9.58973	13.10000
3.11682	9.58973	9.27000
4.59923	9.58973	12.00000
6.08163	9.58973	10.40000
7.56404	9.58973	13.10000
9.04645	9.58973	12.00000
10.52890	9.58973	12.00000
12.01130	9.58973	13.10000
13.49370	9.58973	13.10000
14.97610	9.58973	13.10000
16.45850	9.58973	13.10000
17.94090	9.58973	13.10000
19.42330	9.58973	13.10000
20.90570	9.58973	13.10000
22.38810	9.58973	13.10000
23.87050	9.58973	13.10000
25.35290	9.58973	13.10000
26.83530	9.58973	13.10000
28.31770	9.58973	13.10000
29.80010	9.58973	13.10000
-16.15450	10.33110	13.10000
-14.67210	10.33110	13.10000
-13.18960	10.33110	13.10000
-11.70720	10.33110	13.10000
-10.22480	10.33110	9.27000
-8.74243	10.33110	8.18000
-7.26002	10.33110	8.72000
-5.77762	10.33110	10.40000
-4.29521	10.33110	7.09000
-2.81281	10.33110	5.45000
-1.33040	10.33110	8.18000
0.15201	10.33110	8.72000
1.63441	10.33110	10.40000
3.11682	10.33110	10.40000
4.59923	10.33110	8.72000
6.08163	10.33110	8.18000
7.56404	10.33110	10.40000
9.04645	10.33110	13.10000
10.52890	10.33110	13.10000
12.01130	10.33110	13.10000
13.49370	10.33110	13.10000
14.97610	10.33110	13.10000
16.45850	10.33110	13.10000
17.94090	10.33110	13.10000
19.42330	10.33110	13.10000
20.90570	10.33110	13.10000
22.38810	10.33110	13.10000
23.87050	10.33110	13.10000
25.35290	10.33110	13.10000
26.83530	10.33110	13.10000
28.31770	10.33110	13.10000
29.80010	10.33110	13.10000
-16.15450	11.07260	13.10000
-14.67210	11.07260	13.10000
-13.18960	11.07260	13.10000
-11.70720	11.07260	13.10000
-10.22480	11.07260	12.00000
-8.74243	11.07260	13.10000
-7.26002	11.07260	13.10000
-5.77762	11.07260	13.10000
-4.29521	11.07260	13.10000
-2.81281	11.07260	12.00000
-1.33040	11.07260	12.00000
0.15201	11.07260	13.10000
1.63441	11.07260	10.40000
3.11682	11.07260	13.10000
4.59923	11.07260	13.10000
6.08163	11.07260	13.10000
7.56404	11.07260	13.10000
9.04645	11.07260	13.10000
10.52890	11.07260	13.10000
12.01130	11.07260	13.10000
13.49370	11.07260	13.10000
14.97610	11.07260	13.10000
16.45850	11.07260	13.10000
17.94090	11.07260	13.10000
19.42330	11.07260	13.10000
20.90570	11.07260	13.10000
22.38810	11.07260	13.10000
23.87050	11.07260	13.10000
25.35290	11.07260	13.10000
26.83530	11.07260	13.10000
28.31770	11.07260	13.10000
29.80010	11.07260	13.10000
