Run semi-empirical minimization
 &qmmm
    qm_theory='AM1', grms_tol=0.0005,
 scfconv=1.d-10, ndiis_attempts=700,   qmcharge=0,
 /
   6    C1        8.7490      -31.5480       -3.9140 
   7    N1        9.2040      -33.7230       -5.0680 
   8    O1       11.5780      -32.1270       -2.6580 
   6    C2        9.1620      -30.4890       -4.9550 
   7    N2        9.0440      -32.6350        1.5400 
   8    O2       12.1460      -33.7860       -1.0130 
   6    C3       10.6840      -30.1850       -4.9510 
   7    N3        7.5450      -30.0380       -0.7540 
   8    O3       10.1820      -36.8400       -1.0050 
   6    C4       11.5590      -31.4610       -5.0010 
   7    N4       12.0990      -26.9060       -3.2700 
   8    O4       10.4300      -35.1730        1.8270 
   6    C5       11.1360      -32.5350       -3.9710 
   7    N5        8.6460      -30.7920       -6.3010 
   8    O5       11.1550      -30.9890       -0.1380 
   6    C6        9.6120      -32.8240       -3.9760 
   8    O6       11.5810      -32.0240       -6.3110 
   6    C7       11.1100      -32.9700       -1.5910 
   8    O7       11.0710      -29.4390       -3.7730 
   6    C8       10.4130      -32.1580       -0.4750 
   8    O8        9.8800      -28.6550       -1.8920 
   6    C9       10.2740      -32.9950        0.8100 
   8    O9        7.9590      -25.6400       -1.1910 
   6   C10       10.3750      -34.5180        0.5640 
   6   C11       11.6040      -34.9280       -0.3030 
   6   C12       11.2850      -36.0080       -1.3650 
   6   C13       10.1340      -28.4540       -3.2980 
   6   C14       10.6500      -27.0110       -3.5120 
   6   C15        9.8990      -26.0100       -2.6040 
   6   C16        8.5580      -26.5720       -2.0860 
   6   C17        8.7240      -27.9430       -1.3850 
   6   C18        7.4700      -28.8160       -1.5730 
   1    H8        9.3220      -33.2550       -5.9650 
   1    H9        9.7880      -34.5560       -5.0750 
   1   H17        9.4510      -36.2590       -0.7310 
   1   H18       10.3710      -34.4710        2.5010 
   1   H19        9.0250      -31.6320        1.7100 
   1   H20        8.2280      -32.8580        0.9740 
   1   H21       10.7160      -30.5800        0.6260 
   1   H22       11.2430      -32.9330       -6.2300 
   1   H31        7.6810      -29.7860        0.2220 
   1   H32        6.6660      -30.5470       -0.8140 
   1   H33        7.9590      -24.7720       -1.6280 
   1   H34       12.3950      -25.9340       -3.3110 
   1   H35       12.3150      -27.2580       -2.3390 
   1   H36        7.6300      -30.8560       -6.2790 
   1   H37        8.8910      -30.0430       -6.9450 

