Run semi-empirical minimization
 &qmmm
    qm_theory='AM1', grms_tol=0.0005,
 scfconv=1.d-10, ndiis_attempts=700,   qmcharge=0,
 /
   1   H01       58.4640       76.8210       31.2950 
   1   H02       57.4550       78.0440       30.4880 
   1   H03       57.9100       78.2520       32.1970 
   1   H04       58.1900       76.4720       33.8680 
   1   H05       56.2920       78.0270       29.3960 
   1   H06       52.1460       75.6150       30.6410 
   1   H07       57.8630       75.2270       35.9680 
   1   H08       54.3550       78.0130       27.8560 
   1   H09       55.8140       74.0850       36.4940 
   1   H10       52.2770       76.8070       28.4730 
   8     O       53.7470       74.0700       34.8610 
   7     N       56.4410       76.8020       31.8360 
   7    N1       53.9810       75.4360       32.4560 
   6     C       56.3080       76.1080       33.0480 
   6    C1       55.3460       76.8200       30.9200 
   6    C2       54.9790       75.4190       33.2880 
   6    C3       54.1490       76.1380       31.2540 
   6    C4       57.6440       77.5260       31.4280 
   6    C5       57.2280       75.9840       34.0220 
   6    C6       55.3870       77.4910       29.6810 
   6    C7       54.7890       74.6510       34.5950 
   6    C8       53.0600       76.1430       30.3700 
   6    C9       57.0420       75.2580       35.2510 
   6   C10       54.2930       77.4860       28.8080 
   6   C11       55.9100       74.6220       35.5500 
   6   C12       53.1300       76.8120       29.1520 

