-56.15880	-28.07380	14.30000
-53.07320	-28.07380	14.30000
-49.98760	-28.07380	14.30000
-46.90200	-28.07380	14.30000
-43.81640	-28.07380	14.30000
-40.73080	-28.07380	14.30000
-37.64530	-28.07380	14.30000
-34.55970	-28.07380	14.30000
-31.47410	-28.07380	14.30000
-28.38850	-28.07380	14.30000
-25.30290	-28.07380	14.30000
-22.21730	-28.07380	14.30000
-19.13170	-28.07380	14.30000
-16.04610	-28.07380	14.30000
-12.96050	-28.07380	14.30000
-9.87495	-28.07380	14.30000
-6.78936	-28.07380	13.10000
-3.70377	-28.07380	14.30000
-0.61818	-28.07380	11.30000
2.46741	-28.07380	11.30000
5.55300	-28.07380	14.30000
8.63859	-28.07380	14.30000
11.72420	-28.07380	14.30000
14.80980	-28.07380	14.30000
17.89540	-28.07380	14.30000
20.98100	-28.07380	14.30000
24.06650	-28.07380	14.30000
27.15210	-28.07380	14.30000
30.23770	-28.07380	14.30000
33.32330	-28.07380	14.30000
36.40890	-28.07380	14.30000
39.49450	-28.07380	14.30000
-56.15880	-26.32150	14.30000
-53.07320	-26.32150	14.30000
-49.98760	-26.32150	14.30000
-46.90200	-26.32150	14.30000
-43.81640	-26.32150	14.30000
-40.73080	-26.32150	14.30000
-37.64530	-26.32150	14.30000
-34.55970	-26.32150	14.30000
-31.47410	-26.32150	14.30000
-28.38850	-26.32150	14.30000
-25.30290	-26.32150	14.30000
-22.21730	-26.32150	14.30000
-19.13170	-26.32150	14.30000
-16.04610	-26.32150	14.30000
-12.96050	-26.32150	14.30000
-9.87495	-26.32150	10.70000
-6.78936	-26.32150	10.70000
-3.70377	-26.32150	9.51000
-0.61818	-26.32150	10.70000
2.46741	-26.32150	10.10000
5.55300	-26.32150	14.30000
8.63859	-26.32150	14.30000
11.72420	-26.32150	10.10000
14.80980	-26.32150	14.30000
17.89540	-26.32150	14.30000
20.98100	-26.32150	14.30000
24.06650	-26.32150	14.30000
27.15210	-26.32150	14.30000
30.23770	-26.32150	14.30000
33.32330	-26.32150	14.30000
36.40890	-26.32150	14.30000
39.49450	-26.32150	14.30000
-56.15880	-24.56910	14.30000
-53.07320	-24.56910	14.30000
-49.98760	-24.56910	14.30000
-46.90200	-24.56910	14.30000
-43.81640	-24.56910	14.30000
-40.73080	-24.56910	14.30000
-37.64530	-24.56910	14.30000
-34.55970	-24.56910	14.30000
-31.47410	-24.56910	14.30000
-28.38850	-24.56910	14.30000
-25.30290	-24.56910	14.30000
-22.21730	-24.56910	14.30000
-19.13170	-24.56910	14.30000
-16.04610	-24.56910	14.30000
-12.96050	-24.56910	14.30000
-9.87495	-24.56910	14.30000
-6.78936	-24.56910	10.10000
-3.70377	-24.56910	8.32000
-0.61818	-24.56910	11.30000
2.46741	-24.56910	13.10000
5.55300	-24.56910	14.30000
8.63859	-24.56910	13.10000
11.72420	-24.56910	14.30000
14.80980	-24.56910	11.30000
17.89540	-24.56910	14.30000
20.98100	-24.56910	14.30000
24.06650	-24.56910	14.30000
27.15210	-24.56910	14.30000
30.23770	-24.56910	14.30000
33.32330	-24.56910	14.30000
36.40890	-24.56910	14.30000
39.49450	-24.56910	14.30000
-56.15880	-22.81680	14.30000
-53.07320	-22.81680	14.30000
-49.98760	-22.81680	14.30000
-46.90200	-22.81680	14.30000
-43.81640	-22.81680	14.30000
-40.73080	-22.81680	14.30000
-37.64530	-22.81680	14.30000
-34.55970	-22.81680	14.30000
-31.47410	-22.81680	14.30000
-28.38850	-22.81680	14.30000
-25.30290	-22.81680	14.30000
-22.21730	-22.81680	14.30000
-19.13170	-22.81680	14.30000
-16.04610	-22.81680	14.30000
-12.96050	-22.81680	10.10000
-9.87495	-22.81680	10.10000
-6.78936	-22.81680	7.73000
-3.70377	-22.81680	10.70000
-0.61818	-22.81680	10.10000
2.46741	-22.81680	11.30000
5.55300	-22.81680	14.30000
8.63859	-22.81680	10.10000
11.72420	-22.81680	14.30000
14.80980	-22.81680	14.30000
17.89540	-22.81680	14.30000
20.98100	-22.81680	14.30000
24.06650	-22.81680	14.30000
27.15210	-22.81680	14.30000
30.23770	-22.81680	14.30000
33.32330	-22.81680	14.30000
36.40890	-22.81680	14.30000
39.49450	-22.81680	14.30000
-56.15880	-21.06450	14.30000
-53.07320	-21.06450	14.30000
-49.98760	-21.06450	14.30000
-46.90200	-21.06450	14.30000
-43.81640	-21.06450	14.30000
-40.73080	-21.06450	14.30000
-37.64530	-21.06450	14.30000
-34.55970	-21.06450	14.30000
-31.47410	-21.06450	14.30000
-28.38850	-21.06450	14.30000
-25.30290	-21.06450	14.30000
-22.21730	-21.06450	14.30000
-19.13170	-21.06450	14.30000
-16.04610	-21.06450	11.30000
-12.96050	-21.06450	9.51000
-9.87495	-21.06450	8.92000
-6.78936	-21.06450	7.13000
-3.70377	-21.06450	7.73000
-0.61818	-21.06450	9.51000
2.46741	-21.06450	14.30000
5.55300	-21.06450	13.10000
8.63859	-21.06450	8.92000
11.72420	-21.06450	14.30000
14.80980	-21.06450	13.10000
17.89540	-21.06450	14.30000
20.98100	-21.06450	14.30000
24.06650	-21.06450	14.30000
27.15210	-21.06450	14.30000
30.23770	-21.06450	14.30000
33.32330	-21.06450	14.30000
36.40890	-21.06450	14.30000
39.49450	-21.06450	14.30000
-56.15880	-19.31220	14.30000
-53.07320	-19.31220	14.30000
-49.98760	-19.31220	14.30000
-46.90200	-19.31220	14.30000
-43.81640	-19.31220	14.30000
-40.73080	-19.31220	14.30000
-37.64530	-19.31220	14.30000
-34.55970	-19.31220	14.30000
-31.47410	-19.31220	14.30000
-28.38850	-19.31220	14.30000
-25.30290	-19.31220	14.30000
-22.21730	-19.31220	14.30000
-19.13170	-19.31220	14.30000
-16.04610	-19.31220	10.70000
-12.96050	-19.31220	7.73000
-9.87495	-19.31220	7.73000
-6.78936	-19.31220	6.54000
-3.70377	-19.31220	7.73000
-0.61818	-19.31220	8.32000
2.46741	-19.31220	14.30000
5.55300	-19.31220	14.30000
8.63859	-19.31220	11.30000
11.72420	-19.31220	11.30000
14.80980	-19.31220	14.30000
17.89540	-19.31220	14.30000
20.98100	-19.31220	14.30000
24.06650	-19.31220	14.30000
27.15210	-19.31220	14.30000
30.23770	-19.31220	14.30000
33.32330	-19.31220	14.30000
36.40890	-19.31220	14.30000
39.49450	-19.31220	14.30000
-56.15880	-17.55990	14.30000
-53.07320	-17.55990	14.30000
-49.98760	-17.55990	14.30000
-46.90200	-17.55990	14.30000
-43.81640	-17.55990	14.30000
-40.73080	-17.55990	14.30000
-37.64530	-17.55990	14.30000
-34.55970	-17.55990	14.30000
-31.47410	-17.55990	14.30000
-28.38850	-17.55990	14.30000
-25.30290	-17.55990	11.30000
-22.21730	-17.55990	14.30000
-19.13170	-17.55990	10.70000
-16.04610	-17.55990	8.92000
-12.96050	-17.55990	10.10000
-9.87495	-17.55990	7.13000
-6.78936	-17.55990	6.54000
-3.70377	-17.55990	7.73000
-0.61818	-17.55990	11.30000
2.46741	-17.55990	10.10000
5.55300	-17.55990	13.10000
8.63859	-17.55990	7.73000
11.72420	-17.55990	10.70000
14.80980	-17.55990	13.10000
17.89540	-17.55990	14.30000
20.98100	-17.55990	14.30000
24.06650	-17.55990	10.70000
27.15210	-17.55990	14.30000
30.23770	-17.55990	14.30000
33.32330	-17.55990	14.30000
36.40890	-17.55990	14.30000
39.49450	-17.55990	14.30000
-56.15880	-15.80760	14.30000
-53.07320	-15.80760	14.30000
-49.98760	-15.80760	14.30000
-46.90200	-15.80760	14.30000
-43.81640	-15.80760	14.30000
-40.73080	-15.80760	14.30000
-37.64530	-15.80760	14.30000
-34.55970	-15.80760	14.30000
-31.47410	-15.80760	14.30000
-28.38850	-15.80760	10.70000
-25.30290	-15.80760	10.10000
-22.21730	-15.80760	14.30000
-19.13170	-15.80760	10.70000
-16.04610	-15.80760	10.70000
-12.96050	-15.80760	14.30000
-9.87495	-15.80760	9.51000
-6.78936	-15.80760	11.30000
-3.70377	-15.80760	6.54000
-0.61818	-15.80760	9.51000
2.46741	-15.80760	7.13000
5.55300	-15.80760	8.92000
8.63859	-15.80760	10.10000
11.72420	-15.80760	11.30000
14.80980	-15.80760	10.70000
17.89540	-15.80760	14.30000
20.98100	-15.80760	10.70000
24.06650	-15.80760	7.73000
27.15210	-15.80760	14.30000
30.23770	-15.80760	14.30000
33.32330	-15.80760	14.30000
36.40890	-15.80760	14.30000
39.49450	-15.80760	14.30000
-56.15880	-14.05530	14.30000
-53.07320	-14.05530	14.30000
-49.98760	-14.05530	14.30000
-46.90200	-14.05530	14.30000
-43.81640	-14.05530	14.30000
-40.73080	-14.05530	14.30000
-37.64530	-14.05530	14.30000
-34.55970	-14.05530	13.10000
-31.47410	-14.05530	14.30000
-28.38850	-14.05530	6.54000
-25.30290	-14.05530	13.10000
-22.21730	-14.05530	10.70000
-19.13170	-14.05530	10.70000
-16.04610	-14.05530	11.30000
-12.96050	-14.05530	13.10000
-9.87495	-14.05530	13.10000
-6.78936	-14.05530	7.13000
-3.70377	-14.05530	6.54000
-0.61818	-14.05530	8.92000
2.46741	-14.05530	8.32000
5.55300	-14.05530	8.32000
8.63859	-14.05530	7.13000
11.72420	-14.05530	7.73000
14.80980	-14.05530	9.51000
17.89540	-14.05530	14.30000
20.98100	-14.05530	14.30000
24.06650	-14.05530	9.51000
27.15210	-14.05530	13.10000
30.23770	-14.05530	14.30000
33.32330	-14.05530	14.30000
36.40890	-14.05530	14.30000
39.49450	-14.05530	14.30000
-56.15880	-12.30290	14.30000
-53.07320	-12.30290	14.30000
-49.98760	-12.30290	14.30000
-46.90200	-12.30290	14.30000
-43.81640	-12.30290	14.30000
-40.73080	-12.30290	14.30000
-37.64530	-12.30290	14.30000
-34.55970	-12.30290	13.10000
-31.47410	-12.30290	8.32000
-28.38850	-12.30290	7.73000
-25.30290	-12.30290	13.10000
-22.21730	-12.30290	10.10000
-19.13170	-12.30290	8.32000
-16.04610	-12.30290	11.30000
-12.96050	-12.30290	7.13000
-9.87495	-12.30290	8.32000
-6.78936	-12.30290	8.92000
-3.70377	-12.30290	8.92000
-0.61818	-12.30290	11.30000
2.46741	-12.30290	13.10000
5.55300	-12.30290	8.92000
8.63859	-12.30290	6.54000
11.72420	-12.30290	7.13000
14.80980	-12.30290	7.13000
17.89540	-12.30290	11.30000
20.98100	-12.30290	13.10000
24.06650	-12.30290	7.13000
27.15210	-12.30290	8.32000
30.23770	-12.30290	13.10000
33.32330	-12.30290	14.30000
36.40890	-12.30290	14.30000
39.49450	-12.30290	14.30000
-56.15880	-10.55060	14.30000
-53.07320	-10.55060	14.30000
-49.98760	-10.55060	14.30000
-46.90200	-10.55060	14.30000
-43.81640	-10.55060	14.30000
-40.73080	-10.55060	14.30000
-37.64530	-10.55060	14.30000
-34.55970	-10.55060	11.30000
-31.47410	-10.55060	10.10000
-28.38850	-10.55060	9.51000
-25.30290	-10.55060	10.70000
-22.21730	-10.55060	11.30000
-19.13170	-10.55060	10.70000
-16.04610	-10.55060	8.32000
-12.96050	-10.55060	6.54000
-9.87495	-10.55060	7.13000
-6.78936	-10.55060	11.30000
-3.70377	-10.55060	7.13000
-0.61818	-10.55060	13.10000
2.46741	-10.55060	14.30000
5.55300	-10.55060	9.51000
8.63859	-10.55060	5.35000
11.72420	-10.55060	8.92000
14.80980	-10.55060	7.13000
17.89540	-10.55060	7.13000
20.98100	-10.55060	8.92000
24.06650	-10.55060	6.54000
27.15210	-10.55060	6.54000
30.23770	-10.55060	7.73000
33.32330	-10.55060	14.30000
36.40890	-10.55060	14.30000
39.49450	-10.55060	14.30000
-56.15880	-8.79832	14.30000
-53.07320	-8.79832	14.30000
-49.98760	-8.79832	14.30000
-46.90200	-8.79832	14.30000
-43.81640	-8.79832	14.30000
-40.73080	-8.79832	14.30000
-37.64530	-8.79832	14.30000
-34.55970	-8.79832	10.10000
-31.47410	-8.79832	5.94000
-28.38850	-8.79832	13.10000
-25.30290	-8.79832	13.10000
-22.21730	-8.79832	13.10000
-19.13170	-8.79832	11.30000
-16.04610	-8.79832	6.54000
-12.96050	-8.79832	5.94000
-9.87495	-8.79832	7.13000
-6.78936	-8.79832	13.10000
-3.70377	-8.79832	7.73000
-0.61818	-8.79832	10.70000
2.46741	-8.79832	13.10000
5.55300	-8.79832	8.32000
8.63859	-8.79832	5.94000
11.72420	-8.79832	8.32000
14.80980	-8.79832	8.92000
17.89540	-8.79832	8.32000
20.98100	-8.79832	10.10000
24.06650	-8.79832	9.51000
27.15210	-8.79832	6.54000
30.23770	-8.79832	8.32000
33.32330	-8.79832	13.10000
36.40890	-8.79832	14.30000
39.49450	-8.79832	14.30000
-56.15880	-7.04600	14.30000
-53.07320	-7.04600	14.30000
-49.98760	-7.04600	14.30000
-46.90200	-7.04600	14.30000
-43.81640	-7.04600	14.30000
-40.73080	-7.04600	14.30000
-37.64530	-7.04600	13.10000
-34.55970	-7.04600	10.70000
-31.47410	-7.04600	7.13000
-28.38850	-7.04600	8.32000
-25.30290	-7.04600	13.10000
-22.21730	-7.04600	7.73000
-19.13170	-7.04600	7.73000
-16.04610	-7.04600	7.13000
-12.96050	-7.04600	6.54000
-9.87495	-7.04600	7.13000
-6.78936	-7.04600	9.51000
-3.70377	-7.04600	8.92000
-0.61818	-7.04600	14.30000
2.46741	-7.04600	10.70000
5.55300	-7.04600	7.13000
8.63859	-7.04600	6.54000
11.72420	-7.04600	10.10000
14.80980	-7.04600	13.10000
17.89540	-7.04600	7.73000
20.98100	-7.04600	10.10000
24.06650	-7.04600	14.30000
27.15210	-7.04600	8.32000
30.23770	-7.04600	10.70000
33.32330	-7.04600	10.70000
36.40890	-7.04600	13.10000
39.49450	-7.04600	14.30000
-56.15880	-5.29369	14.30000
-53.07320	-5.29369	14.30000
-49.98760	-5.29369	14.30000
-46.90200	-5.29369	14.30000
-43.81640	-5.29369	14.30000
-40.73080	-5.29369	14.30000
-37.64530	-5.29369	10.10000
-34.55970	-5.29369	8.32000
-31.47410	-5.29369	7.13000
-28.38850	-5.29369	13.10000
-25.30290	-5.29369	13.10000
-22.21730	-5.29369	7.73000
-19.13170	-5.29369	6.54000
-16.04610	-5.29369	5.35000
-12.96050	-5.29369	2.38000
-9.87495	-5.29369	1.78000
-6.78936	-5.29369	2.97000
-3.70377	-5.29369	4.76000
-0.61818	-5.29369	14.30000
2.46741	-5.29369	13.10000
5.55300	-5.29369	7.73000
8.63859	-5.29369	7.13000
11.72420	-5.29369	14.30000
14.80980	-5.29369	7.73000
17.89540	-5.29369	8.32000
20.98100	-5.29369	11.30000
24.06650	-5.29369	8.92000
27.15210	-5.29369	7.13000
30.23770	-5.29369	10.10000
33.32330	-5.29369	10.10000
36.40890	-5.29369	13.10000
39.49450	-5.29369	13.10000
-56.15880	-3.54137	14.30000
-53.07320	-3.54137	14.30000
-49.98760	-3.54137	14.30000
-46.90200	-3.54137	14.30000
-43.81640	-3.54137	14.30000
-40.73080	-3.54137	14.30000
-37.64530	-3.54137	14.30000
-34.55970	-3.54137	10.70000
-31.47410	-3.54137	11.30000
-28.38850	-3.54137	14.30000
-25.30290	-3.54137	13.10000
-22.21730	-3.54137	5.94000
-19.13170	-3.54137	5.35000
-16.04610	-3.54137	5.35000
-12.96050	-3.54137	1.78000
-9.87495	-3.54137	2.97000
-6.78936	-3.54137	2.97000
-3.70377	-3.54137	4.16000
-0.61818	-3.54137	7.13000
2.46741	-3.54137	10.10000
5.55300	-3.54137	7.13000
8.63859	-3.54137	7.13000
11.72420	-3.54137	10.70000
14.80980	-3.54137	7.13000
17.89540	-3.54137	7.73000
20.98100	-3.54137	10.70000
24.06650	-3.54137	8.92000
27.15210	-3.54137	11.30000
30.23770	-3.54137	14.30000
33.32330	-3.54137	13.10000
36.40890	-3.54137	10.10000
39.49450	-3.54137	8.32000
-56.15880	-1.78906	14.30000
-53.07320	-1.78906	14.30000
-49.98760	-1.78906	14.30000
-46.90200	-1.78906	14.30000
-43.81640	-1.78906	14.30000
-40.73080	-1.78906	14.30000
-37.64530	-1.78906	14.30000
-34.55970	-1.78906	14.30000
-31.47410	-1.78906	9.51000
-28.38850	-1.78906	10.10000
-25.30290	-1.78906	14.30000
-22.21730	-1.78906	7.73000
-19.13170	-1.78906	10.70000
-16.04610	-1.78906	6.54000
-12.96050	-1.78906	1.78000
-9.87495	-1.78906	5.35000
-6.78936	-1.78906	4.16000
-3.70377	-1.78906	4.16000
-0.61818	-1.78906	5.35000
2.46741	-1.78906	3.57000
5.55300	-1.78906	3.57000
8.63859	-1.78906	3.57000
11.72420	-1.78906	7.13000
14.80980	-1.78906	5.35000
17.89540	-1.78906	7.73000
20.98100	-1.78906	11.30000
24.06650	-1.78906	8.32000
27.15210	-1.78906	10.70000
30.23770	-1.78906	14.30000
33.32330	-1.78906	13.10000
36.40890	-1.78906	14.30000
39.49450	-1.78906	10.70000
-56.15880	-0.03674	14.30000
-53.07320	-0.03674	14.30000
-49.98760	-0.03674	14.30000
-46.90200	-0.03674	14.30000
-43.81640	-0.03674	14.30000
-40.73080	-0.03674	14.30000
-37.64530	-0.03674	14.30000
-34.55970	-0.03674	14.30000
-31.47410	-0.03674	10.10000
-28.38850	-0.03674	6.54000
-25.30290	-0.03674	13.10000
-22.21730	-0.03674	7.73000
-19.13170	-0.03674	7.13000
-16.04610	-0.03674	8.92000
-12.96050	-0.03674	4.16000
-9.87495	-0.03674	9.51000
-6.78936	-0.03674	8.32000
-3.70377	-0.03674	6.54000
-0.61818	-0.03674	5.94000
2.46741	-0.03674	1.78000
5.55300	-0.03674	2.97000
8.63859	-0.03674	2.38000
11.72420	-0.03674	6.54000
14.80980	-0.03674	6.54000
17.89540	-0.03674	8.32000
20.98100	-0.03674	13.10000
24.06650	-0.03674	14.30000
27.15210	-0.03674	11.30000
30.23770	-0.03674	14.30000
33.32330	-0.03674	13.10000
36.40890	-0.03674	13.10000
39.49450	-0.03674	14.30000
-56.15880	1.71557	14.30000
-53.07320	1.71557	14.30000
-49.98760	1.71557	14.30000
-46.90200	1.71557	14.30000
-43.81640	1.71557	14.30000
-40.73080	1.71557	14.30000
-37.64530	1.71557	14.30000
-34.55970	1.71557	14.30000
-31.47410	1.71557	13.10000
-28.38850	1.71557	7.73000
-25.30290	1.71557	11.30000
-22.21730	1.71557	6.54000
-19.13170	1.71557	6.54000
-16.04610	1.71557	8.32000
-12.96050	1.71557	6.54000
-9.87495	1.71557	7.13000
-6.78936	1.71557	7.13000
-3.70377	1.71557	7.13000
-0.61818	1.71557	7.13000
2.46741	1.71557	2.97000
5.55300	1.71557	0.59400
8.63859	1.71557	1.78000
11.72420	1.71557	5.94000
14.80980	1.71557	9.51000
17.89540	1.71557	13.10000
20.98100	1.71557	13.10000
24.06650	1.71557	14.30000
27.15210	1.71557	14.30000
30.23770	1.71557	14.30000
33.32330	1.71557	14.30000
36.40890	1.71557	14.30000
39.49450	1.71557	14.30000
-56.15880	3.46789	14.30000
-53.07320	3.46789	14.30000
-49.98760	3.46789	14.30000
-46.90200	3.46789	14.30000
-43.81640	3.46789	14.30000
-40.73080	3.46789	14.30000
-37.64530	3.46789	14.30000
-34.55970	3.46789	14.30000
-31.47410	3.46789	8.92000
-28.38850	3.46789	9.51000
-25.30290	3.46789	10.70000
-22.21730	3.46789	9.51000
-19.13170	3.46789	8.32000
-16.04610	3.46789	8.92000
-12.96050	3.46789	10.10000
-9.87495	3.46789	10.10000
-6.78936	3.46789	6.54000
-3.70377	3.46789	10.10000
-0.61818	3.46789	7.13000
2.46741	3.46789	4.16000
5.55300	3.46789	0.59400
8.63859	3.46789	0.00000
11.72420	3.46789	3.57000
14.80980	3.46789	11.30000
17.89540	3.46789	14.30000
20.98100	3.46789	14.30000
24.06650	3.46789	14.30000
27.15210	3.46789	14.30000
30.23770	3.46789	13.10000
33.32330	3.46789	13.10000
36.40890	3.46789	14.30000
39.49450	3.46789	14.30000
-56.15880	5.22020	14.30000
-53.07320	5.22020	14.30000
-49.98760	5.22020	14.30000
-46.90200	5.22020	14.30000
-43.81640	5.22020	14.30000
-40.73080	5.22020	14.30000
-37.64530	5.22020	14.30000
-34.55970	5.22020	14.30000
-31.47410	5.22020	8.32000
-28.38850	5.22020	14.30000
-25.30290	5.22020	8.92000
-22.21730	5.22020	9.51000
-19.13170	5.22020	8.92000
-16.04610	5.22020	7.13000
-12.96050	5.22020	5.94000
-9.87495	5.22020	7.13000
-6.78936	5.22020	7.13000
-3.70377	5.22020	10.70000
-0.61818	5.22020	8.32000
2.46741	5.22020	6.54000
5.55300	5.22020	2.97000
8.63859	5.22020	1.19000
11.72420	5.22020	5.35000
14.80980	5.22020	13.10000
17.89540	5.22020	13.10000
20.98100	5.22020	14.30000
24.06650	5.22020	14.30000
27.15210	5.22020	14.30000
30.23770	5.22020	14.30000
33.32330	5.22020	14.30000
36.40890	5.22020	14.30000
39.49450	5.22020	14.30000
-56.15880	6.97252	13.10000
-53.07320	6.97252	8.92000
-49.98760	6.97252	13.10000
-46.90200	6.97252	14.30000
-43.81640	6.97252	14.30000
-40.73080	6.97252	14.30000
-37.64530	6.97252	14.30000
-34.55970	6.97252	14.30000
-31.47410	6.97252	11.30000
-28.38850	6.97252	14.30000
-25.30290	6.97252	11.30000
-22.21730	6.97252	8.32000
-19.13170	6.97252	10.70000
-16.04610	6.97252	8.92000
-12.96050	6.97252	7.13000
-9.87495	6.97252	7.13000
-6.78936	6.97252	5.94000
-3.70377	6.97252	8.32000
-0.61818	6.97252	7.13000
2.46741	6.97252	5.35000
5.55300	6.97252	5.35000
8.63859	6.97252	1.78000
11.72420	6.97252	9.51000
14.80980	6.97252	11.30000
17.89540	6.97252	14.30000
20.98100	6.97252	14.30000
24.06650	6.97252	14.30000
27.15210	6.97252	14.30000
30.23770	6.97252	14.30000
33.32330	6.97252	14.30000
36.40890	6.97252	14.30000
39.49450	6.97252	14.30000
-56.15880	8.72483	10.70000
-53.07320	8.72483	11.30000
-49.98760	8.72483	11.30000
-46.90200	8.72483	14.30000
-43.81640	8.72483	10.10000
-40.73080	8.72483	14.30000
-37.64530	8.72483	13.10000
-34.55970	8.72483	10.70000
-31.47410	8.72483	14.30000
-28.38850	8.72483	14.30000
-25.30290	8.72483	14.30000
-22.21730	8.72483	9.51000
-19.13170	8.72483	13.10000
-16.04610	8.72483	10.70000
-12.96050	8.72483	8.92000
-9.87495	8.72483	8.92000
-6.78936	8.72483	6.54000
-3.70377	8.72483	7.13000
-0.61818	8.72483	7.13000
2.46741	8.72483	5.94000
5.55300	8.72483	5.94000
8.63859	8.72483	5.35000
11.72420	8.72483	9.51000
14.80980	8.72483	10.70000
17.89540	8.72483	14.30000
20.98100	8.72483	14.30000
24.06650	8.72483	14.30000
27.15210	8.72483	14.30000
30.23770	8.72483	14.30000
33.32330	8.72483	14.30000
36.40890	8.72483	14.30000
39.49450	8.72483	14.30000
-56.15880	10.47710	14.30000
-53.07320	10.47710	14.30000
-49.98760	10.47710	13.10000
-46.90200	10.47710	11.30000
-43.81640	10.47710	8.32000
-40.73080	10.47710	14.30000
-37.64530	10.47710	14.30000
-34.55970	10.47710	14.30000
-31.47410	10.47710	14.30000
-28.38850	10.47710	14.30000
-25.30290	10.47710	14.30000
-22.21730	10.47710	8.92000
-19.13170	10.47710	10.70000
-16.04610	10.47710	11.30000
-12.96050	10.47710	14.30000
-9.87495	10.47710	8.92000
-6.78936	10.47710	10.70000
-3.70377	10.47710	7.13000
-0.61818	10.47710	7.13000
2.46741	10.47710	6.54000
5.55300	10.47710	7.13000
8.63859	10.47710	8.32000
11.72420	10.47710	9.51000
14.80980	10.47710	14.30000
17.89540	10.47710	14.30000
20.98100	10.47710	14.30000
24.06650	10.47710	14.30000
27.15210	10.47710	14.30000
30.23770	10.47710	14.30000
33.32330	10.47710	14.30000
36.40890	10.47710	14.30000
39.49450	10.47710	14.30000
-56.15880	12.22950	14.30000
-53.07320	12.22950	14.30000
-49.98760	12.22950	14.30000
-46.90200	12.22950	13.10000
-43.81640	12.22950	10.70000
-40.73080	12.22950	11.30000
-37.64530	12.22950	14.30000
-34.55970	12.22950	13.10000
-31.47410	12.22950	14.30000
-28.38850	12.22950	14.30000
-25.30290	12.22950	14.30000
-22.21730	12.22950	9.51000
-19.13170	12.22950	10.10000
-16.04610	12.22950	8.32000
-12.96050	12.22950	14.30000
-9.87495	12.22950	7.13000
-6.78936	12.22950	13.10000
-3.70377	12.22950	7.73000
-0.61818	12.22950	7.13000
2.46741	12.22950	7.73000
5.55300	12.22950	10.10000
8.63859	12.22950	14.30000
11.72420	12.22950	13.10000
14.80980	12.22950	14.30000
17.89540	12.22950	14.30000
20.98100	12.22950	14.30000
24.06650	12.22950	14.30000
27.15210	12.22950	14.30000
30.23770	12.22950	14.30000
33.32330	12.22950	14.30000
36.40890	12.22950	14.30000
39.49450	12.22950	14.30000
-56.15880	13.98180	14.30000
-53.07320	13.98180	14.30000
-49.98760	13.98180	14.30000
-46.90200	13.98180	14.30000
-43.81640	13.98180	14.30000
-40.73080	13.98180	14.30000
-37.64530	13.98180	14.30000
-34.55970	13.98180	10.10000
-31.47410	13.98180	10.70000
-28.38850	13.98180	14.30000
-25.30290	13.98180	13.10000
-22.21730	13.98180	10.70000
-19.13170	13.98180	10.10000
-16.04610	13.98180	13.10000
-12.96050	13.98180	14.30000
-9.87495	13.98180	8.92000
-6.78936	13.98180	7.13000
-3.70377	13.98180	6.54000
-0.61818	13.98180	6.54000
2.46741	13.98180	8.32000
5.55300	13.98180	13.10000
8.63859	13.98180	14.30000
11.72420	13.98180	14.30000
14.80980	13.98180	14.30000
17.89540	13.98180	14.30000
20.98100	13.98180	14.30000
24.06650	13.98180	14.30000
27.15210	13.98180	14.30000
30.23770	13.98180	14.30000
33.32330	13.98180	14.30000
36.40890	13.98180	14.30000
39.49450	13.98180	14.30000
-56.15880	15.73410	14.30000
-53.07320	15.73410	14.30000
-49.98760	15.73410	14.30000
-46.90200	15.73410	14.30000
-43.81640	15.73410	14.30000
-40.73080	15.73410	14.30000
-37.64530	15.73410	14.30000
-34.55970	15.73410	14.30000
-31.47410	15.73410	14.30000
-28.38850	15.73410	11.30000
-25.30290	15.73410	14.30000
-22.21730	15.73410	14.30000
-19.13170	15.73410	8.92000
-16.04610	15.73410	8.32000
-12.96050	15.73410	10.70000
-9.87495	15.73410	7.13000
-6.78936	15.73410	8.32000
-3.70377	15.73410	7.13000
-0.61818	15.73410	7.13000
2.46741	15.73410	6.54000
5.55300	15.73410	10.10000
8.63859	15.73410	14.30000
11.72420	15.73410	14.30000
14.80980	15.73410	14.30000
17.89540	15.73410	14.30000
20.98100	15.73410	14.30000
24.06650	15.73410	14.30000
27.15210	15.73410	14.30000
30.23770	15.73410	14.30000
33.32330	15.73410	14.30000
36.40890	15.73410	14.30000
39.49450	15.73410	14.30000
-56.15880	17.48640	14.30000
-53.07320	17.48640	14.30000
-49.98760	17.48640	14.30000
-46.90200	17.48640	14.30000
-43.81640	17.48640	14.30000
-40.73080	17.48640	14.30000
-37.64530	17.48640	14.30000
-34.55970	17.48640	14.30000
-31.47410	17.48640	14.30000
-28.38850	17.48640	10.70000
-25.30290	17.48640	11.30000
-22.21730	17.48640	13.10000
-19.13170	17.48640	10.10000
-16.04610	17.48640	9.51000
-12.96050	17.48640	14.30000
-9.87495	17.48640	8.92000
-6.78936	17.48640	13.10000
-3.70377	17.48640	10.70000
-0.61818	17.48640	10.70000
2.46741	17.48640	8.32000
5.55300	17.48640	14.30000
8.63859	17.48640	14.30000
11.72420	17.48640	14.30000
14.80980	17.48640	14.30000
17.89540	17.48640	14.30000
20.98100	17.48640	14.30000
24.06650	17.48640	14.30000
27.15210	17.48640	14.30000
30.23770	17.48640	14.30000
33.32330	17.48640	14.30000
36.40890	17.48640	14.30000
39.49450	17.48640	14.30000
-56.15880	19.23870	14.30000
-53.07320	19.23870	14.30000
-49.98760	19.23870	14.30000
-46.90200	19.23870	14.30000
-43.81640	19.23870	14.30000
-40.73080	19.23870	14.30000
-37.64530	19.23870	14.30000
-34.55970	19.23870	14.30000
-31.47410	19.23870	14.30000
-28.38850	19.23870	14.30000
-25.30290	19.23870	11.30000
-22.21730	19.23870	14.30000
-19.13170	19.23870	11.30000
-16.04610	19.23870	13.10000
-12.96050	19.23870	10.10000
-9.87495	19.23870	13.10000
-6.78936	19.23870	11.30000
-3.70377	19.23870	8.32000
-0.61818	19.23870	10.10000
2.46741	19.23870	11.30000
5.55300	19.23870	14.30000
8.63859	19.23870	14.30000
11.72420	19.23870	14.30000
14.80980	19.23870	14.30000
17.89540	19.23870	14.30000
20.98100	19.23870	14.30000
24.06650	19.23870	14.30000
27.15210	19.23870	14.30000
30.23770	19.23870	14.30000
33.32330	19.23870	14.30000
36.40890	19.23870	14.30000
39.49450	19.23870	14.30000
-56.15880	20.99100	14.30000
-53.07320	20.99100	14.30000
-49.98760	20.99100	14.30000
-46.90200	20.99100	14.30000
-43.81640	20.99100	14.30000
-40.73080	20.99100	14.30000
-37.64530	20.99100	14.30000
-34.55970	20.99100	14.30000
-31.47410	20.99100	14.30000
-28.38850	20.99100	14.30000
-25.30290	20.99100	13.10000
-22.21730	20.99100	14.30000
-19.13170	20.99100	14.30000
-16.04610	20.99100	13.10000
-12.96050	20.99100	8.32000
-9.87495	20.99100	13.10000
-6.78936	20.99100	10.70000
-3.70377	20.99100	8.32000
-0.61818	20.99100	8.92000
2.46741	20.99100	8.32000
5.55300	20.99100	14.30000
8.63859	20.99100	14.30000
11.72420	20.99100	14.30000
14.80980	20.99100	14.30000
17.89540	20.99100	14.30000
20.98100	20.99100	14.30000
24.06650	20.99100	14.30000
27.15210	20.99100	14.30000
30.23770	20.99100	14.30000
33.32330	20.99100	14.30000
36.40890	20.99100	14.30000
39.49450	20.99100	14.30000
-56.15880	22.74340	14.30000
-53.07320	22.74340	14.30000
-49.98760	22.74340	14.30000
-46.90200	22.74340	14.30000
-43.81640	22.74340	14.30000
-40.73080	22.74340	14.30000
-37.64530	22.74340	14.30000
-34.55970	22.74340	14.30000
-31.47410	22.74340	14.30000
-28.38850	22.74340	14.30000
-25.30290	22.74340	14.30000
-22.21730	22.74340	14.30000
-19.13170	22.74340	14.30000
-16.04610	22.74340	13.10000
-12.96050	22.74340	14.30000
-9.87495	22.74340	14.30000
-6.78936	22.74340	13.10000
-3.70377	22.74340	8.92000
-0.61818	22.74340	8.92000
2.46741	22.74340	11.30000
5.55300	22.74340	14.30000
8.63859	22.74340	14.30000
11.72420	22.74340	14.30000
14.80980	22.74340	14.30000
17.89540	22.74340	14.30000
20.98100	22.74340	14.30000
24.06650	22.74340	14.30000
27.15210	22.74340	14.30000
30.23770	22.74340	14.30000
33.32330	22.74340	14.30000
36.40890	22.74340	14.30000
39.49450	22.74340	14.30000
-56.15880	24.49570	14.30000
-53.07320	24.49570	14.30000
-49.98760	24.49570	14.30000
-46.90200	24.49570	14.30000
-43.81640	24.49570	14.30000
-40.73080	24.49570	14.30000
-37.64530	24.49570	14.30000
-34.55970	24.49570	14.30000
-31.47410	24.49570	14.30000
-28.38850	24.49570	14.30000
-25.30290	24.49570	14.30000
-22.21730	24.49570	14.30000
-19.13170	24.49570	14.30000
-16.04610	24.49570	14.30000
-12.96050	24.49570	14.30000
-9.87495	24.49570	14.30000
-6.78936	24.49570	13.10000
-3.70377	24.49570	8.32000
-0.61818	24.49570	7.73000
2.46741	24.49570	13.10000
5.55300	24.49570	14.30000
8.63859	24.49570	14.30000
11.72420	24.49570	14.30000
14.80980	24.49570	14.30000
17.89540	24.49570	14.30000
20.98100	24.49570	14.30000
24.06650	24.49570	14.30000
27.15210	24.49570	14.30000
30.23770	24.49570	14.30000
33.32330	24.49570	14.30000
36.40890	24.49570	14.30000
39.49450	24.49570	14.30000
-56.15880	26.24800	14.30000
-53.07320	26.24800	14.30000
-49.98760	26.24800	14.30000
-46.90200	26.24800	14.30000
-43.81640	26.24800	14.30000
-40.73080	26.24800	14.30000
-37.64530	26.24800	14.30000
-34.55970	26.24800	14.30000
-31.47410	26.24800	14.30000
-28.38850	26.24800	14.30000
-25.30290	26.24800	14.30000
-22.21730	26.24800	14.30000
-19.13170	26.24800	14.30000
-16.04610	26.24800	14.30000
-12.96050	26.24800	14.30000
-9.87495	26.24800	14.30000
-6.78936	26.24800	14.30000
-3.70377	26.24800	11.30000
-0.61818	26.24800	10.70000
2.46741	26.24800	14.30000
5.55300	26.24800	14.30000
8.63859	26.24800	14.30000
11.72420	26.24800	14.30000
14.80980	26.24800	14.30000
17.89540	26.24800	14.30000
20.98100	26.24800	14.30000
24.06650	26.24800	14.30000
27.15210	26.24800	14.30000
30.23770	26.24800	14.30000
33.32330	26.24800	14.30000
36.40890	26.24800	14.30000
39.49450	26.24800	14.30000
