Run semi-empirical minimization
 &qmmm
    qm_theory='AM1', grms_tol=0.0005,
 scfconv=1.d-10, ndiis_attempts=700,   qmcharge=0,
 /
   6    C1       28.1320      -53.5820       -7.0090 
   7    N1       28.6250      -56.0050       -7.1040 
   8    O1       27.4640      -55.0840       -9.6020 
   6    C2       27.5260      -54.9960       -7.1260 
   7    N2       28.7100      -55.7150      -12.1220 
   8    O2       31.4090      -59.1800       -7.0910 
   6    C3       26.6470      -55.1130       -8.3990 
   7    N3       29.0540      -54.3660      -14.6790 
   8    O3       31.0290      -58.7980       -3.8640 
   6    C4       28.7380      -55.7960       -9.5810 
   8    O4       29.2380      -59.9340       -4.8780 
   6    C5       28.8020      -56.7630       -8.3720 
   6    C6       28.5970      -56.8940       -5.9170 
   6    C7       29.8960      -57.7300       -5.7980 
   6    C8       30.1540      -58.4980       -7.1320 
   6    C9       30.1430      -57.5320       -8.3450 
   6   C10       30.3370      -58.2970       -9.6820 
   6   C11       30.2660      -57.3490      -10.8990 
   6   C12       28.9170      -56.5730      -10.9120 
   6   C13       29.5430      -54.4840      -12.2230 
   6   C14       29.0670      -53.6070      -13.4030 
   6   C15       28.2160      -55.5860      -14.5660 
   6   C16       28.6750      -56.4830      -13.3950 
   6   C17       30.4080      -54.6250      -15.2220 
   6   C18       29.7750      -58.6510       -4.5450 
   9    F1       31.3240      -56.5160      -10.8650 
   1   H01       28.7920      -53.3640       -7.8510 
   1   H02       27.3420      -52.8270       -6.9880 
   1   H03       28.7120      -53.4920       -6.0880 
   1   H04       26.8740      -55.1460       -6.2610 
   1   H05       31.5000      -59.6500       -7.9400 
   1   H06       26.1020      -56.0600       -8.3760 
   1   H07       25.9220      -54.2960       -8.4440 
   1   H08       31.4210      -59.6750       -4.0340 
   1   H09       29.5380      -55.0570       -9.4730 
   1   H10       29.2480      -60.5020       -4.0910 
   1   H11       27.9880      -57.4890       -8.4690 
   1   H12       27.7350      -57.5640       -5.9840 
   1   H13       28.4920      -56.2850       -5.0150 
   1   H14       30.7230      -57.0320       -5.6390 
   1   H15       29.3590      -59.2340       -7.2780 
   1   H16       30.9610      -56.8130       -8.2280 
   1   H17       29.5670      -59.0660       -9.7800 
   1   H18       31.3040      -58.8040       -9.6900 
   1   H19       30.3610      -57.9470      -11.8080 
   1   H20       28.1240      -57.3260      -10.9350 
   1   H21       30.5930      -54.7460      -12.3710 
   1   H22       29.4590      -53.8940      -11.3080 
   1   H23       28.0520      -53.2580      -13.1890 
   1   H24       29.7130      -52.7300      -13.4960 
   1   H25       28.2520      -56.1510      -15.5020 
   1   H26       27.1790      -55.2860      -14.3900 
   1   H27       27.9780      -57.3200      -13.3000 
   1   H28       29.6670      -56.8830      -13.6170 
   1   H29       30.9830      -55.2660      -14.5490 
   1   H30       30.3280      -55.1160      -16.1960 
   1   H31       30.9410      -53.6800      -15.3510 
   1   H32       29.0930      -58.1940       -3.8110 

