Run semi-empirical minimization
 &qmmm
    qm_theory='AM1', grms_tol=0.0005,
 scfconv=1.d-10, ndiis_attempts=700,   qmcharge=0,
 /
   6    C5       58.5120       77.5380       31.4480 
   6    C4       57.3890       76.7330       32.1350 
   6    C3       57.5800       76.6210       33.6540 
   8    O2       56.7040       75.6490       34.2170 
   6    C2       55.6530       75.9840       35.0730 
   6    C1       54.2490       75.8370       34.5930 
   8    O1       55.8800       76.4040       36.2400 
   8    O7       56.0810       77.2130       31.7960 
   6    C8       55.2020       76.6420       30.8650 
   8    O8       54.5330       75.6090       31.1390 
   6    C9       55.0090       77.3080       29.5460 
   8    O3       58.7940       78.7140       32.1780 
  15    P1       60.4780       78.8600       32.4420 
   8    O4       61.1000       77.5100       32.7190 
   8    O5       60.7370       79.8620       33.7800 
   1    H9       61.7160       79.8370       33.9260 
   8    O6       61.2590       79.5520       31.0850 
   6    C6       62.2340       80.4860       31.5010 
   6    C7       63.5750       79.8130       31.8240 
   7    N1       63.9080       80.0060       33.2310 
   1   H14       64.1240       81.0200       33.3790 
   1   H15       64.7940       79.4840       33.4220 
   1     H       58.2010       77.8030       30.4590 
   1    H2       59.3950       76.9350       31.4070 
   1    H3       57.4650       75.7400       31.7450 
   1    H4       57.3790       77.5720       34.1010 
   1    H5       58.5880       76.3170       33.8460 
   1    H6       54.2520       75.4710       33.5870 
   1    H7       53.7600       76.7880       34.6250 
   1    H8       53.7270       75.1460       35.2220 
   1   H10       55.6500       78.1620       29.4810 
   1   H11       53.9900       77.6190       29.4490 
   1   H12       55.2480       76.6210       28.7610 
   1   H13       61.8800       80.9880       32.3770 
   1   H16       62.3950       81.1750       30.6980 
   1   H17       64.3430       80.2450       31.2160 
   1   H18       63.4970       78.7650       31.6240 

