Run semi-empirical minimization
 &qmmm
    qm_theory='AM1', grms_tol=0.0005,
 scfconv=1.d-10, ndiis_attempts=700,   qmcharge=0,
 /
   6    C1       10.7200      -47.3590      -17.7830 
   7    N1        7.5560      -43.0590       -9.7820 
   8    O1        9.9870      -46.5030      -15.6320 
   6    C2        9.8160      -47.5960      -16.5540 
   7    N2        9.4430      -41.5040       -9.7300 
   8    O2        8.2370      -46.8770      -14.0340 
   6    C3       10.1100      -48.8900      -15.7270 
   7    N3        9.2920      -43.2470       -8.0810 
   8    O3        8.2480      -47.7120      -11.2770 
   6    C4       10.1070      -48.4130      -14.2430 
   7    N4        7.5380      -44.1530      -14.6730 
   8    O4        8.4460      -45.8800       -9.2380 
   6    C5        9.6620      -46.9410      -14.3000 
   7    N5        5.9010      -44.5120      -16.3800 
   8    O5        7.9060      -42.2410      -12.5620 
   6    C6        7.7720      -45.9960      -12.9690 
   7    N6        5.3130      -43.1910      -14.4800 
   8    O6       11.4410      -48.4410      -13.6460 
   6    C7        8.0550      -44.5170      -13.3250 
   7    N7       12.0740      -50.6360      -11.9730 
   8    O7       12.6430      -47.3470      -11.8650 
   6    C8        7.5400      -43.5810      -12.2030 
   8    O8       11.2640      -44.9230       -9.9440 
   6    C9        8.1360      -43.9600      -10.8140 
   8    O9       12.1550      -47.5050       -8.1750 
   6   C10        7.8480      -45.4590      -10.4830 
   8   O10       11.1040      -49.9530       -8.9980 
   6   C11        8.4270      -46.3320      -11.6070 
   8   O11        7.7370      -49.5900      -16.2050 
   6   C12        8.5230      -42.3270       -8.9280 
   8   O12       11.3910      -49.4430      -16.0550 
   6   C13        6.0980      -44.3470      -14.9360 
   6   C14       11.4910      -48.1580      -12.2230 
   6   C15       11.4110      -49.4520      -11.3650 
   6   C16       11.9000      -49.1980       -9.9120 
   6   C17       11.7970      -47.7010       -9.5460 
   6   C18       12.7380      -46.8870      -10.4770 
   6   C19       12.5680      -45.3390      -10.3820 
   6   C20       13.5110      -50.4950      -12.2970 
   6   C21        9.0880      -50.0340      -16.0080 
   1   H01       11.7640      -47.2320      -17.4850 
   1   H02       10.6500      -48.1970      -18.4800 
   1   H03       10.4080      -46.4530      -18.3070 
   1   H04        6.9330      -42.3930      -10.2340 
   1   H05        8.7740      -47.5650      -16.8770 
   1   H06        8.9270      -40.7920      -10.2430 
   1   H07       10.0940      -41.0160       -9.1180 
   1   H08        8.6590      -43.7610       -7.4710 
   1   H09        9.7520      -43.9460       -8.6620 
   1   H10        8.1630      -47.7650      -10.3070 
   1   H11        9.4210      -49.0140      -13.6390 
   1   H12        7.8300      -43.2110      -14.9270 
   1   H13        8.9950      -46.6930       -9.3560 
   1   H14       10.2090      -46.3010      -13.5950 
   1   H15        6.2510      -43.6960      -16.8780 
   1   H16        6.4340      -45.3150      -16.7090 
   1   H17        7.9780      -41.6900      -11.7660 
   1   H18        6.6940      -46.1470      -12.8760 
   1   H19        5.4630      -43.0320      -13.4870 
   1   H20        5.6180      -42.3490      -14.9640 
   1   H21        9.1410      -44.3880      -13.3690 
   1   H22       11.9280      -51.4490      -11.3780 
   1   H23        6.4510      -43.6530      -12.1360 
   1   H24       11.3260      -44.1110       -9.3820 
   1   H25        9.2170      -43.8160      -10.8700 
   1   H26       12.5890      -48.3140       -7.8510 
   1   H27        6.7660      -45.6140      -10.4250 
   1   H28       10.7860      -49.3280       -8.3220 
   1   H29        9.4880      -46.0900      -11.6540 
   1   H30        7.6080      -49.3720      -17.1540 
   1   H31        7.9590      -41.6610       -8.2660 
   1   H32       11.7300      -48.9530      -16.8180 
   1   H33        5.7420      -45.2550      -14.4410 
   1   H34       10.6270      -47.5460      -11.9840 
   1   H35       10.3470      -49.6980      -11.3070 
   1   H36       12.9440      -49.5010       -9.8080 
   1   H37       10.7640      -47.3740       -9.6870 
   1   H38       13.7670      -47.1030      -10.1770 
   1   H39       13.3020      -44.9590       -9.6670 
   1   H40       12.7820      -44.8880      -11.3550 
   1   H41       13.6720      -49.6550      -12.9770 
   1   H42       14.1000      -50.3450      -11.3900 
   1   H43       13.8560      -51.4090      -12.7890 
   1   H44        9.1110      -50.7410      -15.1740 
   1   H45        9.3950      -50.5750      -16.9070 

