Run semi-empirical minimization
 &qmmm
    qm_theory='AM1', grms_tol=0.0005,
 scfconv=1.d-10, ndiis_attempts=700,   qmcharge=0,
 /
   6    C1      -36.7990       -6.5230       43.4030 
   7    N1      -37.1270       -5.9780       41.0020 
   8    O1      -39.6570       -5.6400       42.3900 
   6    C2      -37.5290       -6.8890       42.1020 
   7    N2      -41.2670       -3.2980       41.8870 
   8    O2      -36.3640       -3.8940       37.3810 
   6    C3      -39.0600       -6.9650       42.3210 
   7    N3      -42.8860       -1.3990       43.3770 
   8    O3      -33.7720       -5.5570       37.5490 
   6    C4      -39.1430       -4.6150       41.4900 
   8    O4      -35.5410       -6.8180       36.7720 
   6    C5      -38.2600       -5.2440       40.3890 
   6    C6      -36.3180       -6.6810       39.9870 
   6    C7      -35.7550       -5.6890       38.9490 
   6    C8      -36.8930       -4.8650       38.2920 
   6    C9      -37.7670       -4.1910       39.3710 
   6   C10      -38.9640       -3.4420       38.7500 
   6   C11      -39.8300       -2.7740       39.8360 
   6   C12      -40.3170       -3.8210       40.8730 
   6   C13      -40.6450       -2.4020       42.8880 
   6   C14      -41.6660       -1.9890       43.9700 
   6   C15      -43.4950       -2.2860       42.3610 
   6   C16      -42.4760       -2.7050       41.2770 
   6   C17      -42.6460       -0.0430       42.8550 
   6   C18      -34.8330       -6.4180       37.9440 
   9    F1      -39.1320       -1.7820       40.4200 
   1    H6      -35.6690       -4.3300       36.8450 
   1   H12      -33.1320       -6.0900       37.0460 
   1   H20      -35.9230       -6.0090       36.3790 

