Run semi-empirical minimization
 &qmmm
    qm_theory='AM1', grms_tol=0.0005,
 scfconv=1.d-10, ndiis_attempts=700,   qmcharge=0,
 /
   6    C9      -53.6960       -7.6520       -9.5190 
   6   C10      -54.0010       -6.9720      -10.7180 
   6   C11      -53.0160       -6.2360      -11.3790 
   6   C12      -51.7170       -6.1840      -10.8880 
   6   C13      -51.4040       -6.8340       -9.7000 
   6   C14      -52.3940       -7.5390       -9.0210 
   6    C7      -54.6060       -8.4360       -8.7790 
   7    N3      -54.2970       -8.8130       -7.5060 
   6    C6      -55.2860       -9.5010       -6.8980 
   6    C4      -55.1870      -10.4270       -5.8130 
   6    C5      -56.2040      -10.2430       -7.6950 
   7    N1      -56.0370      -11.5200       -5.8530 
   7    N2      -56.6520      -11.3710       -7.0560 
   6   C22      -57.5980      -12.3530       -7.5690 
   6    C8      -56.4270       -9.7100       -9.0570 
   7    N4      -55.7550       -8.8800       -9.3860 
   8    O1      -57.1860      -10.1620       -9.8900 
   6    C3      -54.5260       -9.9890       -4.5360 
   6    C2      -55.2350       -8.7120       -4.0410 
   6    C1      -54.6070       -8.1630       -2.7510 
   8    O4      -55.2780       -6.9060      -11.2360 
   6   C20      -56.0310       -5.6790      -11.1210 
   6   C21      -56.6610       -5.6020       -9.7210 
  16    S1      -49.7480       -6.8680       -9.1050 
   8    O2      -49.2350       -7.9490       -9.9010 
   8    O3      -49.1470       -5.6060       -9.4310 
   7    N5      -49.3140       -7.2410       -7.5710 
   6   C15      -49.9710       -6.4550       -6.5050 
   6   C16      -49.2700       -6.6610       -5.1460 
   7    N6      -49.2140       -8.0940       -4.7960 
   6   C17      -48.5370       -8.8770       -5.8500 
   6   C19      -48.5560       -8.2890       -3.4970 
   6   C18      -49.2270       -8.6770       -7.2140 
   1  H22A      -56.3020       -8.8970       -3.8930 
   1   H13      -53.5350       -7.9990       -2.8830 
   1   H12      -55.0710       -7.2100       -2.4860 
   1   H11      -54.7570       -8.8610       -1.9240 

