Run semi-empirical minimization
 &qmmm
    qm_theory='AM1', grms_tol=0.0005,
 scfconv=1.d-10, ndiis_attempts=700,   qmcharge=0,
 /
   6    C1      -36.8620       -6.4790       43.2620 
   7    N1      -37.2610       -6.0440       40.8610 
   8    O1      -39.7100       -5.7180       42.3630 
   6    C2      -37.5970       -6.9570       41.9920 
   7    N2      -41.3470       -3.3690       41.9990 
   8    O2      -36.6010       -3.7740       37.3350 
   6    C3      -39.1250       -7.0440       42.2430 
   7    N3      -42.9520       -1.6620       43.7270 
   8    O3      -33.9840       -5.3060       37.3240 
   6    C4      -39.2390       -4.6770       41.4540 
   8    O4      -35.5860       -6.8560       36.7330 
   6    C5      -38.4140       -5.2920       40.2960 
   6    C6      -36.4100       -6.6660       39.8190 
   6    C7      -35.8680       -5.5910       38.8480 
   6    C8      -37.0590       -4.8110       38.2110 
   6    C9      -37.9210       -4.1830       39.3350 
   6   C10      -39.1350       -3.4000       38.7740 
   6   C11      -39.9720       -2.7780       39.9140 
   6   C12      -40.4520       -3.8760       40.9100 
   6   C13      -40.7060       -2.5630       43.0770 
   6   C14      -41.7080       -2.3020       44.2240 
   6   C15      -43.5820       -2.4770       42.6600 
   6   C16      -42.6010       -2.7490       41.4970 
   6   C17      -42.7710       -0.2390       43.3580 
   6   C18      -34.9030       -6.2600       37.8290 
   9    F1      -39.2350       -1.8330       40.5300 
   1   H01      -35.7830       -6.4620       43.0950 
   1   H02      -37.1800       -5.4720       43.5440 
   1   H03      -37.0660       -7.1500       44.0990 
   1   H04      -37.2440       -7.9670       41.7650 
   1   H05      -36.2970       -3.0200       37.8690 
   1   H06      -39.6020       -7.5550       41.4020 
   1   H07      -39.3360       -7.6080       43.1560 
   1   H08      -33.6410       -4.8370       38.0990 
   1   H09      -38.5830       -4.0100       42.0200 
   1   H10      -35.8780       -7.7320       37.0180 
   1   H11      -39.0530       -5.9810       39.7350 
   1   H12      -36.9900       -7.4110       39.2640 
   1   H13      -35.5650       -7.1680       40.2980 
   1   H14      -35.2810       -4.8870       39.4450 
   1   H15      -37.6720       -5.5080       37.6330 
   1   H16      -37.2920       -3.4870       39.8990 
   1   H17      -39.7640       -4.0670       38.1800 
   1   H18      -38.7970       -2.6000       38.1110 
   1   H19      -40.8340       -2.2730       39.4730 
   1   H20      -41.0500       -4.5820       40.3280 
   1   H21      -40.3550       -1.6080       42.6810 
   1   H22      -39.8510       -3.0990       43.4960 
   1   H23      -41.9640       -3.2610       44.6850 
   1   H24      -41.2410       -1.6730       44.9860 
   1   H25      -44.4740       -1.9700       42.2800 
   1   H26      -43.8920       -3.4360       43.0840 
   1   H27      -43.0820       -3.4210       40.7810 
   1   H28      -42.3750       -1.8070       40.9910 
   1   H29      -42.0770       -0.1370       42.5210 
   1   H30      -43.7340        0.1950       43.0750 
   1   H31      -42.3770        0.3170       44.2130 
   1   H32      -34.3010       -7.0420       38.3160 

