Run semi-empirical minimization
 &qmmm
    qm_theory='AM1', grms_tol=0.0005,
 scfconv=1.d-10, ndiis_attempts=700,   qmcharge=1,
 /
   8     O       10.7370       10.8960      -10.7870 
   7     N        8.9150        7.8300       -7.4470 
   7    N1       10.9540        9.6770       -8.3030 
   6     C        8.8180        8.4540       -8.7000 
   6    C1       10.0330        8.1220       -6.6080 
   6    C2        9.9370        9.4090       -9.0650 
   6    C3       11.0200        9.0350       -7.0570 
   6    C4        7.9360        6.8810       -6.9210 
   6    C5        7.8440        8.3000       -9.6150 
   6    C6       10.2140        7.5450       -5.3350 
   6    C7        9.8730       10.1120      -10.4200 
   6    C8       12.1260        9.3370       -6.2510 
   6    C9        7.7900        8.9650      -10.8900 
   6   C10       11.3240        7.8550       -4.5410 
   6   C11        8.7270        9.8210      -11.2980 
   6   C12       12.2800        8.7510       -4.9980 
   1     H        7.1510        6.7450       -7.6360 
   1    H1        7.5260        7.2610       -6.0090 
   1    H2        8.4140        5.9420       -6.7340 
   1    H3        6.9380        8.5720       -9.1140 
   1    H4        8.0370        7.2960       -9.9320 
   1    H5        9.5110        6.8780       -4.9800 
   1    H6       12.8370       10.0040       -6.5910 
   1    H7        6.9920        8.7710      -11.5150 
   1    H8       11.4320        7.4160       -3.6130 
   1    H9        8.6500       10.2760      -12.2210 
   1   H10       13.0990        8.9810       -4.4130 

