Run semi-empirical minimization
 &qmmm
    qm_theory='AM1', grms_tol=0.0005,
 scfconv=1.d-10, ndiis_attempts=700,   qmcharge=0,
 /
   6     C        0.1570       -2.3110        0.0610 
   6    C1        0.3920       -3.8190       -0.1630 
   6    C2        0.3990       -4.2070       -1.6490 
   8     O        0.8990       -3.1470       -2.4590 
   6    C3        2.0980       -3.2400       -3.1690 
   6    C4        2.0560       -3.5220       -4.6320 
   8    O1        3.2050       -3.0850       -2.5870 
   8    O2        1.5580       -4.3020        0.5180 
   6    C5        2.0910       -5.5960        0.4380 
   8    O3        1.4480       -6.5990        0.8510 
   6    C6        3.4190       -5.7960       -0.2070 
   8    O4        1.1370       -1.7810        0.9280 
  15     P        2.1340       -0.6710        0.0900 
   8    O5        1.4510       -0.1720       -1.1640 
   8    O6        3.5720       -1.4490       -0.3460 
   1     H        4.0460       -1.5970        0.5100 
   8    O7        2.5220        0.6760        1.0730 
   6    C7        1.9200        0.5480        2.3440 
   6    C8        0.5510        1.2410        2.4050 
   7     N       -0.4880        0.2730        2.7390 
   1    H1       -1.3000        0.7930        3.1470 
   1    H2       -0.1170       -0.3410        3.5000 
   1    H3        0.2070       -1.8030       -0.8790 
   1    H4       -0.8070       -2.1730        0.5040 
   1    H5       -0.4500       -4.3110        0.2770 
   1    H6        1.0190       -5.0690       -1.7810 
   1    H7       -0.6070       -4.4150       -1.9480 
   1    H8        2.7310       -3.2700       -2.3070 
   1    H9        1.0840       -3.2860       -5.0130 
   1   H10        2.7900       -2.9250       -5.1320 
   1   H11        2.2640       -4.5580       -4.8020 
   1   H12        3.8510       -2.7790       -3.2120 
   1   H13        2.0640       -5.4530        1.4980 
   1   H14        1.2010       -7.1430        0.1120 
   1   H15        3.2880       -5.9250       -1.2610 
   1   H16        4.0360       -4.9400       -0.0260 
   1   H17        3.8870       -6.6660        0.2030 
   1   H18        3.2030       -1.0030        0.9800 
   1   H19        0.5090       -0.2490       -1.0640 
   1   H20        1.7910       -0.4920        2.5620 
   1   H21        2.5600        1.0170        3.0620 
   1   H22        0.5750        2.0060        3.1530 
   1   H23        0.3340        1.6710        1.4500 

