Run semi-empirical minimization
 &qmmm
    qm_theory='AM1', grms_tol=0.0005,
 scfconv=1.d-10, ndiis_attempts=700,   qmcharge=0,
 /
   6    C1       56.5200       86.7840      145.6850 
   7    N1       57.6170       87.2730      146.5000 
   6    C2       58.9430       87.1750      145.9120 
   6    C3       60.0790       87.8220      146.7020 
   8    O1       61.0670       88.2820      146.1310 
   7    N2       59.9900       87.6360      148.0870 
   6    C4       58.6380       87.8170      148.6800 
   6    C5       57.5010       87.1410      147.8840 
   8    O2       56.4790       86.7150      148.4200 
   6    C6       58.5290       87.3560      150.1520 
   6    C7       59.6590       87.9140      150.9280 
   6    C8       60.8470       88.2240      150.3040 
   6    C9       61.1830       88.0670      148.8530 
   7    N3       61.7050       88.7070      151.2560 
   6   C17       61.0830       88.7190      152.4870 
   6   C18       61.5670       89.1250      153.7360 
   6   C19       60.7030       89.0190      154.8310 
   6   C20       59.4080       88.5270      154.6800 
   6   C21       58.9390       88.1240      153.4240 
   6   C22       59.7910       88.2210      152.3060 
   1   H15       62.6620       88.9920      151.0960 
   6   C10       62.3300       87.0730      148.6700 
   6   C11       63.6640       87.5160      148.5880 
   6   C12       64.6570       86.5740      148.4160 
   6   C13       64.3740       85.2320      148.3260 
   8    O4       65.9880       86.8330      148.3170 
   6   C14       63.0850       84.7550      148.4070 
   8    O3       65.4930       84.4770      148.1580 
   6   C15       62.0560       85.6860      148.5810 
   6   C16       66.5110       85.4980      148.1540 
   1     H       56.7430       86.9490      144.6510 
   1    H2       55.6230       87.3060      145.9440 
   1    H3       56.3860       85.7370      145.8590 
   1    H4       58.9090       87.6400      144.9490 
   1    H5       59.1700       86.1300      145.8880 
   1    H6       58.5120       88.8790      148.6330 
   1    H7       58.5600       86.2870      150.1940 
   1    H8       57.6060       87.7020      150.5670 
   1    H9       61.5000       89.0170      148.4760 
   1   H10       62.5260       89.4890      153.8450 
   1   H11       61.0300       89.3100      155.7660 
   1   H12       58.7880       88.4590      155.5020 
   1   H13       57.9790       87.7600      153.3180 
   1   H14       63.8930       88.5200      148.6550 
   1   H16       62.8850       83.7450      148.3420 
   1   H17       61.0800       85.3570      148.6460 
   1   H18       67.0340       85.4510      147.2220 
   1   H19       67.1520       85.3070      148.9890 

