-95.53000	-57.56840	16.80000
-89.46110	-57.56840	16.80000
-83.39220	-57.56840	16.80000
-77.32330	-57.56840	16.80000
-71.25430	-57.56840	16.80000
-65.18540	-57.56840	16.80000
-59.11650	-57.56840	16.80000
-53.04760	-57.56840	16.80000
-46.97870	-57.56840	16.80000
-40.90970	-57.56840	16.10000
-34.84080	-57.56840	14.00000
-28.77190	-57.56840	16.80000
-22.70300	-57.56840	16.80000
-16.63410	-57.56840	16.80000
-10.56520	-57.56840	16.80000
-4.49623	-57.56840	16.80000
1.57269	-57.56840	16.80000
7.64160	-57.56840	16.80000
13.71050	-57.56840	16.80000
19.77940	-57.56840	16.80000
25.84840	-57.56840	13.30000
31.91730	-57.56840	16.80000
37.98620	-57.56840	16.80000
44.05510	-57.56840	16.80000
50.12400	-57.56840	16.80000
56.19300	-57.56840	16.80000
62.26190	-57.56840	16.80000
68.33080	-57.56840	16.80000
74.39970	-57.56840	16.80000
80.46860	-57.56840	16.80000
86.53760	-57.56840	16.80000
92.60650	-57.56840	16.80000
-95.53000	-53.51380	16.80000
-89.46110	-53.51380	16.80000
-83.39220	-53.51380	16.80000
-77.32330	-53.51380	16.80000
-71.25430	-53.51380	16.80000
-65.18540	-53.51380	16.80000
-59.11650	-53.51380	16.80000
-53.04760	-53.51380	16.80000
-46.97870	-53.51380	16.80000
-40.90970	-53.51380	16.80000
-34.84080	-53.51380	11.90000
-28.77190	-53.51380	16.80000
-22.70300	-53.51380	16.10000
-16.63410	-53.51380	16.80000
-10.56520	-53.51380	16.80000
-4.49623	-53.51380	16.80000
1.57269	-53.51380	16.80000
7.64160	-53.51380	16.80000
13.71050	-53.51380	16.80000
19.77940	-53.51380	16.80000
25.84840	-53.51380	16.80000
31.91730	-53.51380	14.00000
37.98620	-53.51380	16.80000
44.05510	-53.51380	16.80000
50.12400	-53.51380	16.80000
56.19300	-53.51380	16.80000
62.26190	-53.51380	16.80000
68.33080	-53.51380	16.80000
74.39970	-53.51380	16.80000
80.46860	-53.51380	16.80000
86.53760	-53.51380	16.80000
92.60650	-53.51380	16.80000
-95.53000	-49.45920	16.80000
-89.46110	-49.45920	16.80000
-83.39220	-49.45920	16.80000
-77.32330	-49.45920	16.80000
-71.25430	-49.45920	16.80000
-65.18540	-49.45920	16.80000
-59.11650	-49.45920	16.80000
-53.04760	-49.45920	16.80000
-46.97870	-49.45920	16.80000
-40.90970	-49.45920	16.80000
-34.84080	-49.45920	14.00000
-28.77190	-49.45920	9.09000
-22.70300	-49.45920	13.30000
-16.63410	-49.45920	16.80000
-10.56520	-49.45920	13.30000
-4.49623	-49.45920	16.80000
1.57269	-49.45920	16.80000
7.64160	-49.45920	16.80000
13.71050	-49.45920	16.80000
19.77940	-49.45920	16.80000
25.84840	-49.45920	16.80000
31.91730	-49.45920	13.30000
37.98620	-49.45920	16.80000
44.05510	-49.45920	16.80000
50.12400	-49.45920	16.80000
56.19300	-49.45920	16.80000
62.26190	-49.45920	16.80000
68.33080	-49.45920	16.80000
74.39970	-49.45920	16.80000
80.46860	-49.45920	16.80000
86.53760	-49.45920	16.80000
92.60650	-49.45920	16.80000
-95.53000	-45.40460	16.80000
-89.46110	-45.40460	16.80000
-83.39220	-45.40460	16.80000
-77.32330	-45.40460	16.80000
-71.25430	-45.40460	16.80000
-65.18540	-45.40460	16.80000
-59.11650	-45.40460	16.80000
-53.04760	-45.40460	16.80000
-46.97870	-45.40460	11.90000
-40.90970	-45.40460	14.00000
-34.84080	-45.40460	9.09000
-28.77190	-45.40460	9.79000
-22.70300	-45.40460	10.50000
-16.63410	-45.40460	10.50000
-10.56520	-45.40460	13.30000
-4.49623	-45.40460	16.80000
1.57269	-45.40460	16.80000
7.64160	-45.40460	16.80000
13.71050	-45.40460	16.80000
19.77940	-45.40460	16.80000
25.84840	-45.40460	16.80000
31.91730	-45.40460	13.30000
37.98620	-45.40460	14.00000
44.05510	-45.40460	16.80000
50.12400	-45.40460	16.80000
56.19300	-45.40460	16.80000
62.26190	-45.40460	16.80000
68.33080	-45.40460	16.80000
74.39970	-45.40460	16.80000
80.46860	-45.40460	16.80000
86.53760	-45.40460	16.80000
92.60650	-45.40460	16.80000
-95.53000	-41.35010	16.80000
-89.46110	-41.35010	16.80000
-83.39220	-41.35010	16.80000
-77.32330	-41.35010	16.80000
-71.25430	-41.35010	16.80000
-65.18540	-41.35010	16.80000
-59.11650	-41.35010	16.80000
-53.04760	-41.35010	16.10000
-46.97870	-41.35010	14.00000
-40.90970	-41.35010	16.80000
-34.84080	-41.35010	8.40000
-28.77190	-41.35010	6.30000
-22.70300	-41.35010	7.00000
-16.63410	-41.35010	10.50000
-10.56520	-41.35010	16.80000
-4.49623	-41.35010	16.80000
1.57269	-41.35010	16.80000
7.64160	-41.35010	16.80000
13.71050	-41.35010	16.80000
19.77940	-41.35010	16.80000
25.84840	-41.35010	16.80000
31.91730	-41.35010	16.80000
37.98620	-41.35010	16.10000
44.05510	-41.35010	16.80000
50.12400	-41.35010	16.80000
56.19300	-41.35010	16.80000
62.26190	-41.35010	16.80000
68.33080	-41.35010	16.80000
74.39970	-41.35010	16.80000
80.46860	-41.35010	16.80000
86.53760	-41.35010	16.80000
92.60650	-41.35010	16.80000
-95.53000	-37.29550	16.80000
-89.46110	-37.29550	16.80000
-83.39220	-37.29550	16.80000
-77.32330	-37.29550	16.80000
-71.25430	-37.29550	16.80000
-65.18540	-37.29550	16.80000
-59.11650	-37.29550	16.80000
-53.04760	-37.29550	16.80000
-46.97870	-37.29550	16.80000
-40.90970	-37.29550	13.30000
-34.84080	-37.29550	8.40000
-28.77190	-37.29550	6.30000
-22.70300	-37.29550	6.30000
-16.63410	-37.29550	14.00000
-10.56520	-37.29550	16.80000
-4.49623	-37.29550	16.80000
1.57269	-37.29550	16.80000
7.64160	-37.29550	16.80000
13.71050	-37.29550	16.80000
19.77940	-37.29550	16.80000
25.84840	-37.29550	16.80000
31.91730	-37.29550	16.80000
37.98620	-37.29550	16.80000
44.05510	-37.29550	16.80000
50.12400	-37.29550	16.80000
56.19300	-37.29550	16.80000
62.26190	-37.29550	16.80000
68.33080	-37.29550	16.80000
74.39970	-37.29550	16.80000
80.46860	-37.29550	16.80000
86.53760	-37.29550	16.80000
92.60650	-37.29550	16.80000
-95.53000	-33.24090	16.80000
-89.46110	-33.24090	16.80000
-83.39220	-33.24090	16.80000
-77.32330	-33.24090	16.80000
-71.25430	-33.24090	16.80000
-65.18540	-33.24090	16.80000
-59.11650	-33.24090	16.80000
-53.04760	-33.24090	14.00000
-46.97870	-33.24090	14.00000
-40.90970	-33.24090	13.30000
-34.84080	-33.24090	9.09000
-28.77190	-33.24090	7.70000
-22.70300	-33.24090	7.00000
-16.63410	-33.24090	16.10000
-10.56520	-33.24090	16.80000
-4.49623	-33.24090	16.80000
1.57269	-33.24090	16.80000
7.64160	-33.24090	16.80000
13.71050	-33.24090	12.60000
19.77940	-33.24090	9.79000
25.84840	-33.24090	16.80000
31.91730	-33.24090	16.80000
37.98620	-33.24090	16.80000
44.05510	-33.24090	16.80000
50.12400	-33.24090	16.80000
56.19300	-33.24090	16.80000
62.26190	-33.24090	16.80000
68.33080	-33.24090	16.80000
74.39970	-33.24090	16.80000
80.46860	-33.24090	16.80000
86.53760	-33.24090	16.80000
92.60650	-33.24090	16.80000
-95.53000	-29.18630	16.80000
-89.46110	-29.18630	16.80000
-83.39220	-29.18630	16.80000
-77.32330	-29.18630	16.80000
-71.25430	-29.18630	16.80000
-65.18540	-29.18630	16.80000
-59.11650	-29.18630	16.80000
-53.04760	-29.18630	16.80000
-46.97870	-29.18630	12.60000
-40.90970	-29.18630	16.80000
-34.84080	-29.18630	16.10000
-28.77190	-29.18630	9.79000
-22.70300	-29.18630	9.79000
-16.63410	-29.18630	16.80000
-10.56520	-29.18630	16.80000
-4.49623	-29.18630	16.80000
1.57269	-29.18630	16.80000
7.64160	-29.18630	16.80000
13.71050	-29.18630	16.80000
19.77940	-29.18630	16.10000
25.84840	-29.18630	9.79000
31.91730	-29.18630	9.09000
37.98620	-29.18630	16.80000
44.05510	-29.18630	16.80000
50.12400	-29.18630	16.80000
56.19300	-29.18630	16.80000
62.26190	-29.18630	16.80000
68.33080	-29.18630	16.80000
74.39970	-29.18630	16.80000
80.46860	-29.18630	16.80000
86.53760	-29.18630	16.80000
92.60650	-29.18630	16.80000
-95.53000	-25.13170	16.80000
-89.46110	-25.13170	16.80000
-83.39220	-25.13170	16.80000
-77.32330	-25.13170	16.80000
-71.25430	-25.13170	16.80000
-65.18540	-25.13170	16.80000
-59.11650	-25.13170	16.80000
-53.04760	-25.13170	16.80000
-46.97870	-25.13170	11.20000
-40.90970	-25.13170	14.00000
-34.84080	-25.13170	16.80000
-28.77190	-25.13170	16.10000
-22.70300	-25.13170	13.30000
-16.63410	-25.13170	16.80000
-10.56520	-25.13170	16.80000
-4.49623	-25.13170	16.80000
1.57269	-25.13170	16.80000
7.64160	-25.13170	16.80000
13.71050	-25.13170	16.80000
19.77940	-25.13170	11.90000
25.84840	-25.13170	8.40000
31.91730	-25.13170	8.40000
37.98620	-25.13170	13.30000
44.05510	-25.13170	16.80000
50.12400	-25.13170	16.80000
56.19300	-25.13170	16.80000
62.26190	-25.13170	16.80000
68.33080	-25.13170	16.80000
74.39970	-25.13170	16.80000
80.46860	-25.13170	16.80000
86.53760	-25.13170	16.80000
92.60650	-25.13170	16.80000
-95.53000	-21.07710	16.80000
-89.46110	-21.07710	16.80000
-83.39220	-21.07710	16.80000
-77.32330	-21.07710	16.80000
-71.25430	-21.07710	16.80000
-65.18540	-21.07710	16.80000
-59.11650	-21.07710	16.80000
-53.04760	-21.07710	14.00000
-46.97870	-21.07710	12.60000
-40.90970	-21.07710	11.20000
-34.84080	-21.07710	16.80000
-28.77190	-21.07710	14.00000
-22.70300	-21.07710	9.79000
-16.63410	-21.07710	11.90000
-10.56520	-21.07710	16.80000
-4.49623	-21.07710	16.80000
1.57269	-21.07710	16.80000
7.64160	-21.07710	16.80000
13.71050	-21.07710	16.10000
19.77940	-21.07710	9.09000
25.84840	-21.07710	7.00000
31.91730	-21.07710	11.90000
37.98620	-21.07710	16.80000
44.05510	-21.07710	16.80000
50.12400	-21.07710	16.80000
56.19300	-21.07710	16.80000
62.26190	-21.07710	16.80000
68.33080	-21.07710	16.80000
74.39970	-21.07710	16.80000
80.46860	-21.07710	16.80000
86.53760	-21.07710	16.80000
92.60650	-21.07710	16.80000
-95.53000	-17.02250	16.80000
-89.46110	-17.02250	16.80000
-83.39220	-17.02250	16.10000
-77.32330	-17.02250	16.10000
-71.25430	-17.02250	16.80000
-65.18540	-17.02250	16.80000
-59.11650	-17.02250	16.80000
-53.04760	-17.02250	10.50000
-46.97870	-17.02250	16.80000
-40.90970	-17.02250	16.80000
-34.84080	-17.02250	16.80000
-28.77190	-17.02250	16.10000
-22.70300	-17.02250	9.79000
-16.63410	-17.02250	10.50000
-10.56520	-17.02250	16.80000
-4.49623	-17.02250	16.80000
1.57269	-17.02250	11.90000
7.64160	-17.02250	14.00000
13.71050	-17.02250	10.50000
19.77940	-17.02250	6.30000
25.84840	-17.02250	7.00000
31.91730	-17.02250	9.79000
37.98620	-17.02250	16.80000
44.05510	-17.02250	16.80000
50.12400	-17.02250	16.80000
56.19300	-17.02250	14.00000
62.26190	-17.02250	16.80000
68.33080	-17.02250	16.80000
74.39970	-17.02250	16.80000
80.46860	-17.02250	16.80000
86.53760	-17.02250	16.80000
92.60650	-17.02250	16.80000
-95.53000	-12.96790	16.80000
-89.46110	-12.96790	16.80000
-83.39220	-12.96790	13.30000
-77.32330	-12.96790	16.80000
-71.25430	-12.96790	16.80000
-65.18540	-12.96790	16.80000
-59.11650	-12.96790	16.80000
-53.04760	-12.96790	9.79000
-46.97870	-12.96790	12.60000
-40.90970	-12.96790	16.80000
-34.84080	-12.96790	16.80000
-28.77190	-12.96790	11.20000
-22.70300	-12.96790	9.09000
-16.63410	-12.96790	14.00000
-10.56520	-12.96790	11.20000
-4.49623	-12.96790	9.79000
1.57269	-12.96790	8.40000
7.64160	-12.96790	12.60000
13.71050	-12.96790	9.09000
19.77940	-12.96790	6.30000
25.84840	-12.96790	8.40000
31.91730	-12.96790	12.60000
37.98620	-12.96790	10.50000
44.05510	-12.96790	16.80000
50.12400	-12.96790	16.80000
56.19300	-12.96790	10.50000
62.26190	-12.96790	12.60000
68.33080	-12.96790	16.80000
74.39970	-12.96790	16.80000
80.46860	-12.96790	16.80000
86.53760	-12.96790	16.80000
92.60650	-12.96790	16.80000
-95.53000	-8.91335	16.80000
-89.46110	-8.91335	16.80000
-83.39220	-8.91335	16.80000
-77.32330	-8.91335	12.60000
-71.25430	-8.91335	16.80000
-65.18540	-8.91335	16.80000
-59.11650	-8.91335	16.80000
-53.04760	-8.91335	11.90000
-46.97870	-8.91335	10.50000
-40.90970	-8.91335	9.09000
-34.84080	-8.91335	16.80000
-28.77190	-8.91335	9.79000
-22.70300	-8.91335	9.09000
-16.63410	-8.91335	8.40000
-10.56520	-8.91335	9.09000
-4.49623	-8.91335	7.00000
1.57269	-8.91335	9.79000
7.64160	-8.91335	9.09000
13.71050	-8.91335	7.70000
19.77940	-8.91335	7.00000
25.84840	-8.91335	7.70000
31.91730	-8.91335	16.80000
37.98620	-8.91335	10.50000
44.05510	-8.91335	10.50000
50.12400	-8.91335	11.90000
56.19300	-8.91335	9.79000
62.26190	-8.91335	12.60000
68.33080	-8.91335	16.80000
74.39970	-8.91335	16.80000
80.46860	-8.91335	16.80000
86.53760	-8.91335	16.80000
92.60650	-8.91335	16.80000
-95.53000	-4.85877	16.10000
-89.46110	-4.85877	16.80000
-83.39220	-4.85877	13.30000
-77.32330	-4.85877	16.10000
-71.25430	-4.85877	16.80000
-65.18540	-4.85877	16.80000
-59.11650	-4.85877	16.80000
-53.04760	-4.85877	13.30000
-46.97870	-4.85877	10.50000
-40.90970	-4.85877	7.70000
-34.84080	-4.85877	16.80000
-28.77190	-4.85877	16.80000
-22.70300	-4.85877	9.09000
-16.63410	-4.85877	10.50000
-10.56520	-4.85877	5.60000
-4.49623	-4.85877	2.80000
1.57269	-4.85877	16.80000
7.64160	-4.85877	5.60000
13.71050	-4.85877	5.60000
19.77940	-4.85877	8.40000
25.84840	-4.85877	7.00000
31.91730	-4.85877	13.30000
37.98620	-4.85877	14.00000
44.05510	-4.85877	11.20000
50.12400	-4.85877	13.30000
56.19300	-4.85877	12.60000
62.26190	-4.85877	16.80000
68.33080	-4.85877	16.80000
74.39970	-4.85877	16.80000
80.46860	-4.85877	16.80000
86.53760	-4.85877	16.80000
92.60650	-4.85877	16.80000
-95.53000	-0.80418	16.80000
-89.46110	-0.80418	16.80000
-83.39220	-0.80418	16.80000
-77.32330	-0.80418	16.80000
-71.25430	-0.80418	16.80000
-65.18540	-0.80418	16.80000
-59.11650	-0.80418	16.80000
-53.04760	-0.80418	12.60000
-46.97870	-0.80418	10.50000
-40.90970	-0.80418	9.79000
-34.84080	-0.80418	16.80000
-28.77190	-0.80418	16.80000
-22.70300	-0.80418	9.09000
-16.63410	-0.80418	16.80000
-10.56520	-0.80418	1.40000
-4.49623	-0.80418	0.00000
1.57269	-0.80418	13.30000
7.64160	-0.80418	7.70000
13.71050	-0.80418	5.60000
19.77940	-0.80418	7.70000
25.84840	-0.80418	9.79000
31.91730	-0.80418	13.30000
37.98620	-0.80418	16.80000
44.05510	-0.80418	10.50000
50.12400	-0.80418	9.09000
56.19300	-0.80418	16.80000
62.26190	-0.80418	16.80000
68.33080	-0.80418	16.80000
74.39970	-0.80418	16.80000
80.46860	-0.80418	16.80000
86.53760	-0.80418	16.80000
92.60650	-0.80418	16.80000
-95.53000	3.25041	16.10000
-89.46110	3.25041	16.80000
-83.39220	3.25041	16.80000
-77.32330	3.25041	16.80000
-71.25430	3.25041	16.80000
-65.18540	3.25041	16.80000
-59.11650	3.25041	16.80000
-53.04760	3.25041	16.10000
-46.97870	3.25041	9.09000
-40.90970	3.25041	11.20000
-34.84080	3.25041	16.10000
-28.77190	3.25041	9.79000
-22.70300	3.25041	10.50000
-16.63410	3.25041	16.10000
-10.56520	3.25041	7.00000
-4.49623	3.25041	4.20000
1.57269	3.25041	8.40000
7.64160	3.25041	1.40000
13.71050	3.25041	2.10000
19.77940	3.25041	8.40000
25.84840	3.25041	16.10000
31.91730	3.25041	16.80000
37.98620	3.25041	16.10000
44.05510	3.25041	9.09000
50.12400	3.25041	11.20000
56.19300	3.25041	16.80000
62.26190	3.25041	16.80000
68.33080	3.25041	16.80000
74.39970	3.25041	16.80000
80.46860	3.25041	16.80000
86.53760	3.25041	16.80000
92.60650	3.25041	16.10000
-95.53000	7.30500	16.80000
-89.46110	7.30500	16.80000
-83.39220	7.30500	16.80000
-77.32330	7.30500	16.80000
-71.25430	7.30500	16.80000
-65.18540	7.30500	16.80000
-59.11650	7.30500	16.80000
-53.04760	7.30500	16.80000
-46.97870	7.30500	16.80000
-40.90970	7.30500	16.80000
-34.84080	7.30500	14.00000
-28.77190	7.30500	7.70000
-22.70300	7.30500	10.50000
-16.63410	7.30500	13.30000
-10.56520	7.30500	11.20000
-4.49623	7.30500	8.40000
1.57269	7.30500	6.30000
7.64160	7.30500	1.40000
13.71050	7.30500	16.80000
19.77940	7.30500	16.80000
25.84840	7.30500	16.80000
31.91730	7.30500	16.80000
37.98620	7.30500	11.20000
44.05510	7.30500	9.79000
50.12400	7.30500	9.09000
56.19300	7.30500	16.80000
62.26190	7.30500	16.80000
68.33080	7.30500	16.80000
74.39970	7.30500	16.80000
80.46860	7.30500	16.80000
86.53760	7.30500	16.80000
92.60650	7.30500	13.30000
-95.53000	11.35960	16.80000
-89.46110	11.35960	16.80000
-83.39220	11.35960	16.80000
-77.32330	11.35960	16.80000
-71.25430	11.35960	16.80000
-65.18540	11.35960	16.80000
-59.11650	11.35960	16.80000
-53.04760	11.35960	16.80000
-46.97870	11.35960	16.80000
-40.90970	11.35960	12.60000
-34.84080	11.35960	12.60000
-28.77190	11.35960	9.09000
-22.70300	11.35960	9.79000
-16.63410	11.35960	10.50000
-10.56520	11.35960	5.60000
-4.49623	11.35960	2.80000
1.57269	11.35960	7.70000
7.64160	11.35960	8.40000
13.71050	11.35960	16.80000
19.77940	11.35960	16.80000
25.84840	11.35960	16.80000
31.91730	11.35960	16.80000
37.98620	11.35960	13.30000
44.05510	11.35960	9.79000
50.12400	11.35960	12.60000
56.19300	11.35960	16.80000
62.26190	11.35960	16.80000
68.33080	11.35960	16.80000
74.39970	11.35960	16.80000
80.46860	11.35960	16.80000
86.53760	11.35960	16.80000
92.60650	11.35960	16.80000
-95.53000	15.41420	16.80000
-89.46110	15.41420	16.80000
-83.39220	15.41420	16.80000
-77.32330	15.41420	16.80000
-71.25430	15.41420	16.80000
-65.18540	15.41420	16.80000
-59.11650	15.41420	16.80000
-53.04760	15.41420	16.80000
-46.97870	15.41420	11.20000
-40.90970	15.41420	9.09000
-34.84080	15.41420	13.30000
-28.77190	15.41420	12.60000
-22.70300	15.41420	14.00000
-16.63410	15.41420	13.30000
-10.56520	15.41420	9.79000
-4.49623	15.41420	6.30000
1.57269	15.41420	9.79000
7.64160	15.41420	16.10000
13.71050	15.41420	16.80000
19.77940	15.41420	16.80000
25.84840	15.41420	16.80000
31.91730	15.41420	16.80000
37.98620	15.41420	16.80000
44.05510	15.41420	16.80000
50.12400	15.41420	16.80000
56.19300	15.41420	16.80000
62.26190	15.41420	16.80000
68.33080	15.41420	16.80000
74.39970	15.41420	16.80000
80.46860	15.41420	16.80000
86.53760	15.41420	16.80000
92.60650	15.41420	16.80000
-95.53000	19.46880	16.80000
-89.46110	19.46880	16.80000
-83.39220	19.46880	16.80000
-77.32330	19.46880	16.80000
-71.25430	19.46880	16.80000
-65.18540	19.46880	16.80000
-59.11650	19.46880	16.80000
-53.04760	19.46880	16.80000
-46.97870	19.46880	12.60000
-40.90970	19.46880	8.40000
-34.84080	19.46880	9.09000
-28.77190	19.46880	16.80000
-22.70300	19.46880	16.80000
-16.63410	19.46880	16.80000
-10.56520	19.46880	16.80000
-4.49623	19.46880	9.09000
1.57269	19.46880	11.90000
7.64160	19.46880	16.80000
13.71050	19.46880	16.80000
19.77940	19.46880	16.80000
25.84840	19.46880	16.80000
31.91730	19.46880	16.80000
37.98620	19.46880	16.80000
44.05510	19.46880	16.80000
50.12400	19.46880	16.80000
56.19300	19.46880	16.80000
62.26190	19.46880	16.80000
68.33080	19.46880	16.80000
74.39970	19.46880	16.80000
80.46860	19.46880	16.80000
86.53760	19.46880	16.80000
92.60650	19.46880	16.80000
-95.53000	23.52340	16.80000
-89.46110	23.52340	16.80000
-83.39220	23.52340	16.80000
-77.32330	23.52340	16.80000
-71.25430	23.52340	16.80000
-65.18540	23.52340	16.80000
-59.11650	23.52340	16.80000
-53.04760	23.52340	16.80000
-46.97870	23.52340	12.60000
-40.90970	23.52340	9.09000
-34.84080	23.52340	9.79000
-28.77190	23.52340	16.80000
-22.70300	23.52340	16.80000
-16.63410	23.52340	16.80000
-10.56520	23.52340	16.80000
-4.49623	23.52340	16.80000
1.57269	23.52340	16.80000
7.64160	23.52340	16.80000
13.71050	23.52340	16.80000
19.77940	23.52340	16.80000
25.84840	23.52340	16.80000
31.91730	23.52340	16.80000
37.98620	23.52340	16.80000
44.05510	23.52340	16.80000
50.12400	23.52340	16.80000
56.19300	23.52340	16.80000
62.26190	23.52340	16.80000
68.33080	23.52340	16.80000
74.39970	23.52340	16.80000
80.46860	23.52340	16.80000
86.53760	23.52340	16.80000
92.60650	23.52340	16.80000
-95.53000	27.57790	16.80000
-89.46110	27.57790	16.80000
-83.39220	27.57790	16.80000
-77.32330	27.57790	16.80000
-71.25430	27.57790	16.80000
-65.18540	27.57790	16.80000
-59.11650	27.57790	16.80000
-53.04760	27.57790	16.80000
-46.97870	27.57790	11.20000
-40.90970	27.57790	10.50000
-34.84080	27.57790	9.79000
-28.77190	27.57790	14.00000
-22.70300	27.57790	16.80000
-16.63410	27.57790	16.80000
-10.56520	27.57790	16.80000
-4.49623	27.57790	16.80000
1.57269	27.57790	16.80000
7.64160	27.57790	16.80000
13.71050	27.57790	16.80000
19.77940	27.57790	16.80000
25.84840	27.57790	16.80000
31.91730	27.57790	16.80000
37.98620	27.57790	16.80000
44.05510	27.57790	16.80000
50.12400	27.57790	16.80000
56.19300	27.57790	16.80000
62.26190	27.57790	16.80000
68.33080	27.57790	16.80000
74.39970	27.57790	16.80000
80.46860	27.57790	16.80000
86.53760	27.57790	16.80000
92.60650	27.57790	16.80000
-95.53000	31.63250	16.80000
-89.46110	31.63250	16.80000
-83.39220	31.63250	16.80000
-77.32330	31.63250	16.80000
-71.25430	31.63250	16.80000
-65.18540	31.63250	16.80000
-59.11650	31.63250	16.80000
-53.04760	31.63250	16.80000
-46.97870	31.63250	16.80000
-40.90970	31.63250	16.10000
-34.84080	31.63250	12.60000
-28.77190	31.63250	13.30000
-22.70300	31.63250	16.80000
-16.63410	31.63250	16.80000
-10.56520	31.63250	16.80000
-4.49623	31.63250	16.80000
1.57269	31.63250	16.80000
7.64160	31.63250	16.80000
13.71050	31.63250	16.80000
19.77940	31.63250	16.80000
25.84840	31.63250	16.80000
31.91730	31.63250	16.80000
37.98620	31.63250	16.80000
44.05510	31.63250	16.80000
50.12400	31.63250	16.80000
56.19300	31.63250	16.80000
62.26190	31.63250	16.80000
68.33080	31.63250	16.80000
74.39970	31.63250	16.80000
80.46860	31.63250	16.80000
86.53760	31.63250	16.80000
92.60650	31.63250	16.80000
-95.53000	35.68710	16.80000
-89.46110	35.68710	16.80000
-83.39220	35.68710	16.80000
-77.32330	35.68710	16.80000
-71.25430	35.68710	16.80000
-65.18540	35.68710	16.80000
-59.11650	35.68710	16.80000
-53.04760	35.68710	16.80000
-46.97870	35.68710	16.80000
-40.90970	35.68710	11.90000
-34.84080	35.68710	10.50000
-28.77190	35.68710	11.20000
-22.70300	35.68710	14.00000
-16.63410	35.68710	16.80000
-10.56520	35.68710	16.80000
-4.49623	35.68710	16.80000
1.57269	35.68710	16.80000
7.64160	35.68710	16.80000
13.71050	35.68710	16.80000
19.77940	35.68710	16.80000
25.84840	35.68710	16.80000
31.91730	35.68710	16.80000
37.98620	35.68710	16.80000
44.05510	35.68710	16.80000
50.12400	35.68710	16.80000
56.19300	35.68710	16.80000
62.26190	35.68710	16.80000
68.33080	35.68710	16.80000
74.39970	35.68710	16.80000
80.46860	35.68710	16.80000
86.53760	35.68710	16.80000
92.60650	35.68710	16.80000
-95.53000	39.74170	16.80000
-89.46110	39.74170	16.80000
-83.39220	39.74170	16.80000
-77.32330	39.74170	16.80000
-71.25430	39.74170	16.80000
-65.18540	39.74170	16.80000
-59.11650	39.74170	16.80000
-53.04760	39.74170	16.80000
-46.97870	39.74170	16.80000
-40.90970	39.74170	12.60000
-34.84080	39.74170	11.20000
-28.77190	39.74170	9.79000
-22.70300	39.74170	11.20000
-16.63410	39.74170	14.00000
-10.56520	39.74170	16.80000
-4.49623	39.74170	16.80000
1.57269	39.74170	16.80000
7.64160	39.74170	16.80000
13.71050	39.74170	16.80000
19.77940	39.74170	16.80000
25.84840	39.74170	16.80000
31.91730	39.74170	16.80000
37.98620	39.74170	16.80000
44.05510	39.74170	16.80000
50.12400	39.74170	16.80000
56.19300	39.74170	16.80000
62.26190	39.74170	16.80000
68.33080	39.74170	16.80000
74.39970	39.74170	16.80000
80.46860	39.74170	16.80000
86.53760	39.74170	16.80000
92.60650	39.74170	16.80000
-95.53000	43.79630	16.80000
-89.46110	43.79630	16.80000
-83.39220	43.79630	16.80000
-77.32330	43.79630	16.80000
-71.25430	43.79630	16.80000
-65.18540	43.79630	16.80000
-59.11650	43.79630	16.80000
-53.04760	43.79630	16.80000
-46.97870	43.79630	16.80000
-40.90970	43.79630	16.80000
-34.84080	43.79630	9.09000
-28.77190	43.79630	16.10000
-22.70300	43.79630	16.80000
-16.63410	43.79630	14.00000
-10.56520	43.79630	16.80000
-4.49623	43.79630	16.80000
1.57269	43.79630	16.80000
7.64160	43.79630	16.80000
13.71050	43.79630	16.80000
19.77940	43.79630	16.80000
25.84840	43.79630	16.80000
31.91730	43.79630	16.80000
37.98620	43.79630	16.80000
44.05510	43.79630	16.80000
50.12400	43.79630	16.80000
56.19300	43.79630	16.80000
62.26190	43.79630	16.80000
68.33080	43.79630	16.80000
74.39970	43.79630	16.80000
80.46860	43.79630	16.80000
86.53760	43.79630	16.80000
92.60650	43.79630	16.80000
-95.53000	47.85090	16.80000
-89.46110	47.85090	16.80000
-83.39220	47.85090	16.80000
-77.32330	47.85090	16.80000
-71.25430	47.85090	16.80000
-65.18540	47.85090	16.80000
-59.11650	47.85090	16.80000
-53.04760	47.85090	16.80000
-46.97870	47.85090	16.80000
-40.90970	47.85090	11.20000
-34.84080	47.85090	9.79000
-28.77190	47.85090	16.80000
-22.70300	47.85090	16.80000
-16.63410	47.85090	16.80000
-10.56520	47.85090	16.80000
-4.49623	47.85090	16.80000
1.57269	47.85090	16.80000
7.64160	47.85090	16.80000
13.71050	47.85090	16.80000
19.77940	47.85090	16.80000
25.84840	47.85090	16.80000
31.91730	47.85090	16.80000
37.98620	47.85090	16.80000
44.05510	47.85090	16.80000
50.12400	47.85090	16.80000
56.19300	47.85090	16.80000
62.26190	47.85090	16.80000
68.33080	47.85090	16.80000
74.39970	47.85090	16.80000
80.46860	47.85090	16.80000
86.53760	47.85090	16.80000
92.60650	47.85090	16.80000
-95.53000	51.90550	16.80000
-89.46110	51.90550	16.80000
-83.39220	51.90550	16.80000
-77.32330	51.90550	16.80000
-71.25430	51.90550	16.80000
-65.18540	51.90550	16.80000
-59.11650	51.90550	16.80000
-53.04760	51.90550	16.80000
-46.97870	51.90550	16.10000
-40.90970	51.90550	8.40000
-34.84080	51.90550	11.20000
-28.77190	51.90550	16.10000
-22.70300	51.90550	16.80000
-16.63410	51.90550	16.80000
-10.56520	51.90550	16.80000
-4.49623	51.90550	16.80000
1.57269	51.90550	16.80000
7.64160	51.90550	16.80000
13.71050	51.90550	16.80000
19.77940	51.90550	16.80000
25.84840	51.90550	16.80000
31.91730	51.90550	16.80000
37.98620	51.90550	16.80000
44.05510	51.90550	16.80000
50.12400	51.90550	16.80000
56.19300	51.90550	16.80000
62.26190	51.90550	16.80000
68.33080	51.90550	16.80000
74.39970	51.90550	16.80000
80.46860	51.90550	16.80000
86.53760	51.90550	16.80000
92.60650	51.90550	16.80000
-95.53000	55.96010	16.80000
-89.46110	55.96010	16.80000
-83.39220	55.96010	16.80000
-77.32330	55.96010	16.80000
-71.25430	55.96010	16.80000
-65.18540	55.96010	16.80000
-59.11650	55.96010	16.80000
-53.04760	55.96010	16.80000
-46.97870	55.96010	13.30000
-40.90970	55.96010	9.09000
-34.84080	55.96010	16.80000
-28.77190	55.96010	16.80000
-22.70300	55.96010	16.80000
-16.63410	55.96010	16.10000
-10.56520	55.96010	16.80000
-4.49623	55.96010	16.80000
1.57269	55.96010	16.80000
7.64160	55.96010	16.80000
13.71050	55.96010	16.80000
19.77940	55.96010	16.80000
25.84840	55.96010	16.80000
31.91730	55.96010	16.80000
37.98620	55.96010	16.80000
44.05510	55.96010	16.10000
50.12400	55.96010	16.80000
56.19300	55.96010	16.80000
62.26190	55.96010	16.80000
68.33080	55.96010	16.80000
74.39970	55.96010	16.80000
80.46860	55.96010	16.80000
86.53760	55.96010	16.80000
92.60650	55.96010	16.80000
-95.53000	60.01460	16.80000
-89.46110	60.01460	16.80000
-83.39220	60.01460	16.80000
-77.32330	60.01460	16.80000
-71.25430	60.01460	16.80000
-65.18540	60.01460	16.80000
-59.11650	60.01460	16.80000
-53.04760	60.01460	16.80000
-46.97870	60.01460	16.80000
-40.90970	60.01460	16.80000
-34.84080	60.01460	16.80000
-28.77190	60.01460	16.80000
-22.70300	60.01460	16.10000
-16.63410	60.01460	16.80000
-10.56520	60.01460	16.80000
-4.49623	60.01460	16.80000
1.57269	60.01460	16.80000
7.64160	60.01460	16.80000
13.71050	60.01460	16.80000
19.77940	60.01460	16.80000
25.84840	60.01460	16.80000
31.91730	60.01460	16.80000
37.98620	60.01460	16.10000
44.05510	60.01460	16.10000
50.12400	60.01460	16.80000
56.19300	60.01460	16.80000
62.26190	60.01460	16.80000
68.33080	60.01460	16.80000
74.39970	60.01460	16.80000
80.46860	60.01460	16.80000
86.53760	60.01460	16.80000
92.60650	60.01460	16.80000
-95.53000	64.06920	16.80000
-89.46110	64.06920	16.80000
-83.39220	64.06920	16.80000
-77.32330	64.06920	16.80000
-71.25430	64.06920	16.80000
-65.18540	64.06920	16.80000
-59.11650	64.06920	16.80000
-53.04760	64.06920	16.80000
-46.97870	64.06920	16.80000
-40.90970	64.06920	16.80000
-34.84080	64.06920	12.60000
-28.77190	64.06920	11.20000
-22.70300	64.06920	11.90000
-16.63410	64.06920	16.80000
-10.56520	64.06920	16.80000
-4.49623	64.06920	16.80000
1.57269	64.06920	16.80000
7.64160	64.06920	16.80000
13.71050	64.06920	16.80000
19.77940	64.06920	16.80000
25.84840	64.06920	16.80000
31.91730	64.06920	16.80000
37.98620	64.06920	16.10000
44.05510	64.06920	16.80000
50.12400	64.06920	16.80000
56.19300	64.06920	16.80000
62.26190	64.06920	16.80000
68.33080	64.06920	16.80000
74.39970	64.06920	16.80000
80.46860	64.06920	16.80000
86.53760	64.06920	16.80000
92.60650	64.06920	16.80000
-95.53000	68.12380	16.80000
-89.46110	68.12380	16.80000
-83.39220	68.12380	16.80000
-77.32330	68.12380	16.80000
-71.25430	68.12380	16.80000
-65.18540	68.12380	16.80000
-59.11650	68.12380	16.80000
-53.04760	68.12380	16.80000
-46.97870	68.12380	16.80000
-40.90970	68.12380	16.80000
-34.84080	68.12380	16.80000
-28.77190	68.12380	14.00000
-22.70300	68.12380	16.80000
-16.63410	68.12380	16.80000
-10.56520	68.12380	16.80000
-4.49623	68.12380	16.80000
1.57269	68.12380	16.80000
7.64160	68.12380	16.80000
13.71050	68.12380	16.80000
19.77940	68.12380	16.80000
25.84840	68.12380	16.80000
31.91730	68.12380	13.30000
37.98620	68.12380	11.90000
44.05510	68.12380	16.80000
50.12400	68.12380	16.80000
56.19300	68.12380	16.80000
62.26190	68.12380	16.80000
68.33080	68.12380	16.80000
74.39970	68.12380	16.80000
80.46860	68.12380	16.80000
86.53760	68.12380	16.80000
92.60650	68.12380	16.80000
