-46.48030	-95.53000	16.70000
-43.68310	-95.53000	16.70000
-40.88590	-95.53000	16.70000
-38.08870	-95.53000	16.70000
-35.29150	-95.53000	16.70000
-32.49430	-95.53000	16.70000
-29.69710	-95.53000	16.70000
-26.89990	-95.53000	16.00000
-24.10270	-95.53000	16.00000
-21.30550	-95.53000	16.70000
-18.50830	-95.53000	16.70000
-15.71110	-95.53000	16.70000
-12.91390	-95.53000	16.70000
-10.11670	-95.53000	16.70000
-7.31953	-95.53000	16.70000
-4.52233	-95.53000	16.70000
-1.72514	-95.53000	16.70000
1.07206	-95.53000	16.70000
3.86926	-95.53000	16.70000
6.66645	-95.53000	16.70000
9.46365	-95.53000	16.70000
12.26080	-95.53000	16.70000
15.05800	-95.53000	16.70000
17.85520	-95.53000	16.70000
20.65240	-95.53000	16.70000
23.44960	-95.53000	16.70000
26.24680	-95.53000	16.70000
29.04400	-95.53000	16.70000
31.84120	-95.53000	16.70000
34.63840	-95.53000	16.70000
37.43560	-95.53000	16.70000
40.23280	-95.53000	16.70000
-46.48030	-89.46110	16.70000
-43.68310	-89.46110	16.70000
-40.88590	-89.46110	16.70000
-38.08870	-89.46110	16.70000
-35.29150	-89.46110	16.70000
-32.49430	-89.46110	16.70000
-29.69710	-89.46110	16.70000
-26.89990	-89.46110	16.70000
-24.10270	-89.46110	16.70000
-21.30550	-89.46110	16.70000
-18.50830	-89.46110	16.70000
-15.71110	-89.46110	16.70000
-12.91390	-89.46110	16.70000
-10.11670	-89.46110	16.70000
-7.31953	-89.46110	16.70000
-4.52233	-89.46110	16.70000
-1.72514	-89.46110	16.70000
1.07206	-89.46110	16.70000
3.86926	-89.46110	16.70000
6.66645	-89.46110	16.70000
9.46365	-89.46110	16.70000
12.26080	-89.46110	16.70000
15.05800	-89.46110	16.70000
17.85520	-89.46110	16.70000
20.65240	-89.46110	16.70000
23.44960	-89.46110	16.70000
26.24680	-89.46110	16.70000
29.04400	-89.46110	16.70000
31.84120	-89.46110	16.70000
34.63840	-89.46110	16.70000
37.43560	-89.46110	16.70000
40.23280	-89.46110	16.70000
-46.48030	-83.39220	16.70000
-43.68310	-83.39220	16.70000
-40.88590	-83.39220	16.70000
-38.08870	-83.39220	16.00000
-35.29150	-83.39220	16.70000
-32.49430	-83.39220	16.00000
-29.69710	-83.39220	16.00000
-26.89990	-83.39220	16.00000
-24.10270	-83.39220	13.20000
-21.30550	-83.39220	16.70000
-18.50830	-83.39220	16.70000
-15.71110	-83.39220	16.70000
-12.91390	-83.39220	16.70000
-10.11670	-83.39220	16.70000
-7.31953	-83.39220	16.70000
-4.52233	-83.39220	16.70000
-1.72514	-83.39220	16.70000
1.07206	-83.39220	16.70000
3.86926	-83.39220	16.70000
6.66645	-83.39220	16.70000
9.46365	-83.39220	16.70000
12.26080	-83.39220	16.70000
15.05800	-83.39220	16.70000
17.85520	-83.39220	16.70000
20.65240	-83.39220	16.70000
23.44960	-83.39220	16.70000
26.24680	-83.39220	16.70000
29.04400	-83.39220	16.70000
31.84120	-83.39220	16.70000
34.63840	-83.39220	16.70000
37.43560	-83.39220	16.70000
40.23280	-83.39220	16.70000
-46.48030	-77.32330	16.70000
-43.68310	-77.32330	13.90000
-40.88590	-77.32330	13.20000
-38.08870	-77.32330	16.70000
-35.29150	-77.32330	16.70000
-32.49430	-77.32330	16.70000
-29.69710	-77.32330	16.70000
-26.89990	-77.32330	16.70000
-24.10270	-77.32330	16.00000
-21.30550	-77.32330	16.70000
-18.50830	-77.32330	16.70000
-15.71110	-77.32330	16.70000
-12.91390	-77.32330	16.70000
-10.11670	-77.32330	16.70000
-7.31953	-77.32330	16.70000
-4.52233	-77.32330	16.70000
-1.72514	-77.32330	16.70000
1.07206	-77.32330	16.70000
3.86926	-77.32330	16.70000
6.66645	-77.32330	16.70000
9.46365	-77.32330	16.70000
12.26080	-77.32330	16.70000
15.05800	-77.32330	16.70000
17.85520	-77.32330	16.70000
20.65240	-77.32330	16.70000
23.44960	-77.32330	16.70000
26.24680	-77.32330	16.70000
29.04400	-77.32330	16.70000
31.84120	-77.32330	16.70000
34.63840	-77.32330	16.70000
37.43560	-77.32330	16.70000
40.23280	-77.32330	16.70000
-46.48030	-71.25430	16.70000
-43.68310	-71.25430	16.70000
-40.88590	-71.25430	16.70000
-38.08870	-71.25430	16.70000
-35.29150	-71.25430	16.70000
-32.49430	-71.25430	16.70000
-29.69710	-71.25430	16.70000
-26.89990	-71.25430	16.70000
-24.10270	-71.25430	16.70000
-21.30550	-71.25430	16.70000
-18.50830	-71.25430	16.70000
-15.71110	-71.25430	16.70000
-12.91390	-71.25430	16.70000
-10.11670	-71.25430	16.70000
-7.31953	-71.25430	16.70000
-4.52233	-71.25430	16.70000
-1.72514	-71.25430	16.70000
1.07206	-71.25430	16.70000
3.86926	-71.25430	16.70000
6.66645	-71.25430	16.70000
9.46365	-71.25430	16.70000
12.26080	-71.25430	16.70000
15.05800	-71.25430	16.70000
17.85520	-71.25430	16.70000
20.65240	-71.25430	16.70000
23.44960	-71.25430	16.70000
26.24680	-71.25430	16.70000
29.04400	-71.25430	16.70000
31.84120	-71.25430	16.70000
34.63840	-71.25430	16.70000
37.43560	-71.25430	16.70000
40.23280	-71.25430	16.70000
-46.48030	-65.18540	16.70000
-43.68310	-65.18540	16.70000
-40.88590	-65.18540	16.70000
-38.08870	-65.18540	16.70000
-35.29150	-65.18540	16.70000
-32.49430	-65.18540	16.70000
-29.69710	-65.18540	16.70000
-26.89990	-65.18540	16.70000
-24.10270	-65.18540	16.70000
-21.30550	-65.18540	16.70000
-18.50830	-65.18540	16.70000
-15.71110	-65.18540	16.70000
-12.91390	-65.18540	16.70000
-10.11670	-65.18540	16.70000
-7.31953	-65.18540	16.70000
-4.52233	-65.18540	16.70000
-1.72514	-65.18540	16.70000
1.07206	-65.18540	16.70000
3.86926	-65.18540	16.70000
6.66645	-65.18540	16.70000
9.46365	-65.18540	16.70000
12.26080	-65.18540	16.70000
15.05800	-65.18540	16.70000
17.85520	-65.18540	16.70000
20.65240	-65.18540	16.70000
23.44960	-65.18540	16.70000
26.24680	-65.18540	16.70000
29.04400	-65.18540	16.70000
31.84120	-65.18540	16.70000
34.63840	-65.18540	16.70000
37.43560	-65.18540	16.70000
40.23280	-65.18540	16.70000
-46.48030	-59.11650	16.70000
-43.68310	-59.11650	16.70000
-40.88590	-59.11650	16.70000
-38.08870	-59.11650	16.70000
-35.29150	-59.11650	16.70000
-32.49430	-59.11650	16.70000
-29.69710	-59.11650	16.70000
-26.89990	-59.11650	16.70000
-24.10270	-59.11650	16.70000
-21.30550	-59.11650	16.70000
-18.50830	-59.11650	16.70000
-15.71110	-59.11650	16.70000
-12.91390	-59.11650	16.70000
-10.11670	-59.11650	16.70000
-7.31953	-59.11650	16.70000
-4.52233	-59.11650	16.70000
-1.72514	-59.11650	16.70000
1.07206	-59.11650	16.70000
3.86926	-59.11650	16.70000
6.66645	-59.11650	16.70000
9.46365	-59.11650	16.70000
12.26080	-59.11650	16.70000
15.05800	-59.11650	16.70000
17.85520	-59.11650	16.70000
20.65240	-59.11650	16.70000
23.44960	-59.11650	16.70000
26.24680	-59.11650	16.70000
29.04400	-59.11650	16.70000
31.84120	-59.11650	16.70000
34.63840	-59.11650	16.70000
37.43560	-59.11650	16.70000
40.23280	-59.11650	16.70000
-46.48030	-53.04760	16.70000
-43.68310	-53.04760	16.70000
-40.88590	-53.04760	16.70000
-38.08870	-53.04760	16.70000
-35.29150	-53.04760	16.70000
-32.49430	-53.04760	16.70000
-29.69710	-53.04760	16.70000
-26.89990	-53.04760	16.70000
-24.10270	-53.04760	16.70000
-21.30550	-53.04760	11.10000
-18.50830	-53.04760	9.04000
-15.71110	-53.04760	10.40000
-12.91390	-53.04760	11.80000
-10.11670	-53.04760	16.70000
-7.31953	-53.04760	13.90000
-4.52233	-53.04760	16.70000
-1.72514	-53.04760	16.70000
1.07206	-53.04760	16.70000
3.86926	-53.04760	16.70000
6.66645	-53.04760	16.70000
9.46365	-53.04760	16.70000
12.26080	-53.04760	16.70000
15.05800	-53.04760	16.70000
17.85520	-53.04760	16.70000
20.65240	-53.04760	16.70000
23.44960	-53.04760	16.70000
26.24680	-53.04760	16.70000
29.04400	-53.04760	16.70000
31.84120	-53.04760	16.70000
34.63840	-53.04760	16.70000
37.43560	-53.04760	16.70000
40.23280	-53.04760	16.70000
-46.48030	-46.97870	16.70000
-43.68310	-46.97870	16.70000
-40.88590	-46.97870	16.70000
-38.08870	-46.97870	16.70000
-35.29150	-46.97870	16.70000
-32.49430	-46.97870	16.70000
-29.69710	-46.97870	16.70000
-26.89990	-46.97870	16.00000
-24.10270	-46.97870	12.50000
-21.30550	-46.97870	9.04000
-18.50830	-46.97870	8.35000
-15.71110	-46.97870	7.65000
-12.91390	-46.97870	9.04000
-10.11670	-46.97870	11.10000
-7.31953	-46.97870	13.90000
-4.52233	-46.97870	16.70000
-1.72514	-46.97870	16.70000
1.07206	-46.97870	16.70000
3.86926	-46.97870	16.70000
6.66645	-46.97870	16.70000
9.46365	-46.97870	11.10000
12.26080	-46.97870	16.70000
15.05800	-46.97870	16.70000
17.85520	-46.97870	16.70000
20.65240	-46.97870	16.70000
23.44960	-46.97870	16.70000
26.24680	-46.97870	16.70000
29.04400	-46.97870	16.70000
31.84120	-46.97870	16.70000
34.63840	-46.97870	16.70000
37.43560	-46.97870	16.70000
40.23280	-46.97870	16.70000
-46.48030	-40.90970	16.70000
-43.68310	-40.90970	16.70000
-40.88590	-40.90970	16.70000
-38.08870	-40.90970	16.70000
-35.29150	-40.90970	16.70000
-32.49430	-40.90970	16.00000
-29.69710	-40.90970	16.00000
-26.89990	-40.90970	11.10000
-24.10270	-40.90970	8.35000
-21.30550	-40.90970	7.65000
-18.50830	-40.90970	6.95000
-15.71110	-40.90970	6.26000
-12.91390	-40.90970	9.04000
-10.11670	-40.90970	8.35000
-7.31953	-40.90970	11.10000
-4.52233	-40.90970	11.10000
-1.72514	-40.90970	13.90000
1.07206	-40.90970	16.70000
3.86926	-40.90970	16.70000
6.66645	-40.90970	16.70000
9.46365	-40.90970	16.70000
12.26080	-40.90970	16.70000
15.05800	-40.90970	16.70000
17.85520	-40.90970	16.70000
20.65240	-40.90970	16.70000
23.44960	-40.90970	16.70000
26.24680	-40.90970	16.70000
29.04400	-40.90970	16.70000
31.84120	-40.90970	16.70000
34.63840	-40.90970	16.70000
37.43560	-40.90970	16.70000
40.23280	-40.90970	16.70000
-46.48030	-34.84080	16.70000
-43.68310	-34.84080	16.00000
-40.88590	-34.84080	16.00000
-38.08870	-34.84080	16.00000
-35.29150	-34.84080	13.20000
-32.49430	-34.84080	16.70000
-29.69710	-34.84080	16.70000
-26.89990	-34.84080	16.70000
-24.10270	-34.84080	13.20000
-21.30550	-34.84080	10.40000
-18.50830	-34.84080	9.74000
-15.71110	-34.84080	6.26000
-12.91390	-34.84080	6.26000
-10.11670	-34.84080	9.04000
-7.31953	-34.84080	9.74000
-4.52233	-34.84080	8.35000
-1.72514	-34.84080	9.04000
1.07206	-34.84080	13.90000
3.86926	-34.84080	16.70000
6.66645	-34.84080	16.70000
9.46365	-34.84080	16.70000
12.26080	-34.84080	16.70000
15.05800	-34.84080	16.00000
17.85520	-34.84080	16.00000
20.65240	-34.84080	12.50000
23.44960	-34.84080	16.00000
26.24680	-34.84080	16.70000
29.04400	-34.84080	16.70000
31.84120	-34.84080	16.70000
34.63840	-34.84080	16.70000
37.43560	-34.84080	16.70000
40.23280	-34.84080	16.70000
-46.48030	-28.77190	16.70000
-43.68310	-28.77190	16.70000
-40.88590	-28.77190	16.70000
-38.08870	-28.77190	16.70000
-35.29150	-28.77190	16.00000
-32.49430	-28.77190	11.10000
-29.69710	-28.77190	13.90000
-26.89990	-28.77190	16.70000
-24.10270	-28.77190	9.04000
-21.30550	-28.77190	8.35000
-18.50830	-28.77190	8.35000
-15.71110	-28.77190	9.04000
-12.91390	-28.77190	9.74000
-10.11670	-28.77190	9.04000
-7.31953	-28.77190	9.04000
-4.52233	-28.77190	9.04000
-1.72514	-28.77190	13.90000
1.07206	-28.77190	9.04000
3.86926	-28.77190	11.10000
6.66645	-28.77190	12.50000
9.46365	-28.77190	13.20000
12.26080	-28.77190	11.10000
15.05800	-28.77190	11.10000
17.85520	-28.77190	7.65000
20.65240	-28.77190	6.95000
23.44960	-28.77190	8.35000
26.24680	-28.77190	9.74000
29.04400	-28.77190	13.90000
31.84120	-28.77190	16.70000
34.63840	-28.77190	16.70000
37.43560	-28.77190	16.70000
40.23280	-28.77190	16.70000
-46.48030	-22.70300	16.70000
-43.68310	-22.70300	16.70000
-40.88590	-22.70300	16.70000
-38.08870	-22.70300	16.00000
-35.29150	-22.70300	12.50000
-32.49430	-22.70300	16.00000
-29.69710	-22.70300	16.00000
-26.89990	-22.70300	16.00000
-24.10270	-22.70300	16.00000
-21.30550	-22.70300	9.04000
-18.50830	-22.70300	9.04000
-15.71110	-22.70300	9.04000
-12.91390	-22.70300	16.00000
-10.11670	-22.70300	16.70000
-7.31953	-22.70300	16.70000
-4.52233	-22.70300	16.70000
-1.72514	-22.70300	12.50000
1.07206	-22.70300	8.35000
3.86926	-22.70300	9.74000
6.66645	-22.70300	13.20000
9.46365	-22.70300	16.70000
12.26080	-22.70300	16.00000
15.05800	-22.70300	6.95000
17.85520	-22.70300	6.26000
20.65240	-22.70300	7.65000
23.44960	-22.70300	6.95000
26.24680	-22.70300	9.04000
29.04400	-22.70300	9.74000
31.84120	-22.70300	10.40000
34.63840	-22.70300	16.00000
37.43560	-22.70300	16.70000
40.23280	-22.70300	16.70000
-46.48030	-16.63410	16.00000
-43.68310	-16.63410	16.70000
-40.88590	-16.63410	16.70000
-38.08870	-16.63410	16.70000
-35.29150	-16.63410	16.70000
-32.49430	-16.63410	16.70000
-29.69710	-16.63410	16.70000
-26.89990	-16.63410	16.70000
-24.10270	-16.63410	16.70000
-21.30550	-16.63410	16.70000
-18.50830	-16.63410	12.50000
-15.71110	-16.63410	10.40000
-12.91390	-16.63410	12.50000
-10.11670	-16.63410	13.90000
-7.31953	-16.63410	13.90000
-4.52233	-16.63410	16.70000
-1.72514	-16.63410	16.70000
1.07206	-16.63410	16.70000
3.86926	-16.63410	16.70000
6.66645	-16.63410	16.70000
9.46365	-16.63410	16.00000
12.26080	-16.63410	13.20000
15.05800	-16.63410	16.70000
17.85520	-16.63410	9.04000
20.65240	-16.63410	9.74000
23.44960	-16.63410	9.04000
26.24680	-16.63410	10.40000
29.04400	-16.63410	11.10000
31.84120	-16.63410	10.40000
34.63840	-16.63410	16.70000
37.43560	-16.63410	16.70000
40.23280	-16.63410	16.70000
-46.48030	-10.56520	16.70000
-43.68310	-10.56520	16.70000
-40.88590	-10.56520	16.70000
-38.08870	-10.56520	16.70000
-35.29150	-10.56520	16.70000
-32.49430	-10.56520	16.70000
-29.69710	-10.56520	16.70000
-26.89990	-10.56520	16.70000
-24.10270	-10.56520	16.70000
-21.30550	-10.56520	16.70000
-18.50830	-10.56520	16.70000
-15.71110	-10.56520	16.70000
-12.91390	-10.56520	16.00000
-10.11670	-10.56520	11.80000
-7.31953	-10.56520	5.56000
-4.52233	-10.56520	3.48000
-1.72514	-10.56520	4.17000
1.07206	-10.56520	4.87000
3.86926	-10.56520	4.17000
6.66645	-10.56520	8.35000
9.46365	-10.56520	9.04000
12.26080	-10.56520	13.20000
15.05800	-10.56520	16.70000
17.85520	-10.56520	13.20000
20.65240	-10.56520	11.80000
23.44960	-10.56520	13.90000
26.24680	-10.56520	8.35000
29.04400	-10.56520	9.04000
31.84120	-10.56520	16.00000
34.63840	-10.56520	16.70000
37.43560	-10.56520	16.70000
40.23280	-10.56520	16.70000
-46.48030	-4.49623	16.70000
-43.68310	-4.49623	16.70000
-40.88590	-4.49623	16.70000
-38.08870	-4.49623	16.70000
-35.29150	-4.49623	16.70000
-32.49430	-4.49623	16.70000
-29.69710	-4.49623	16.70000
-26.89990	-4.49623	16.70000
-24.10270	-4.49623	16.70000
-21.30550	-4.49623	16.70000
-18.50830	-4.49623	16.70000
-15.71110	-4.49623	16.70000
-12.91390	-4.49623	16.70000
-10.11670	-4.49623	10.40000
-7.31953	-4.49623	1.39000
-4.52233	-4.49623	0.69500
-1.72514	-4.49623	11.10000
1.07206	-4.49623	9.04000
3.86926	-4.49623	2.09000
6.66645	-4.49623	4.87000
9.46365	-4.49623	7.65000
12.26080	-4.49623	10.40000
15.05800	-4.49623	16.70000
17.85520	-4.49623	9.04000
20.65240	-4.49623	9.74000
23.44960	-4.49623	9.74000
26.24680	-4.49623	13.90000
29.04400	-4.49623	11.10000
31.84120	-4.49623	11.80000
34.63840	-4.49623	16.70000
37.43560	-4.49623	16.70000
40.23280	-4.49623	16.70000
-46.48030	1.57269	16.70000
-43.68310	1.57269	13.20000
-40.88590	1.57269	16.70000
-38.08870	1.57269	16.70000
-35.29150	1.57269	16.70000
-32.49430	1.57269	16.70000
-29.69710	1.57269	16.70000
-26.89990	1.57269	16.70000
-24.10270	1.57269	16.70000
-21.30550	1.57269	16.70000
-18.50830	1.57269	16.70000
-15.71110	1.57269	16.70000
-12.91390	1.57269	16.70000
-10.11670	1.57269	16.70000
-7.31953	1.57269	16.70000
-4.52233	1.57269	16.70000
-1.72514	1.57269	16.70000
1.07206	1.57269	7.65000
3.86926	1.57269	11.10000
6.66645	1.57269	11.10000
9.46365	1.57269	11.80000
12.26080	1.57269	12.50000
15.05800	1.57269	11.80000
17.85520	1.57269	9.04000
20.65240	1.57269	6.95000
23.44960	1.57269	8.35000
26.24680	1.57269	10.40000
29.04400	1.57269	11.10000
31.84120	1.57269	16.70000
34.63840	1.57269	16.70000
37.43560	1.57269	16.70000
40.23280	1.57269	16.70000
-46.48030	7.64160	13.90000
-43.68310	7.64160	11.10000
-40.88590	7.64160	10.40000
-38.08870	7.64160	16.70000
-35.29150	7.64160	16.70000
-32.49430	7.64160	16.70000
-29.69710	7.64160	16.70000
-26.89990	7.64160	16.70000
-24.10270	7.64160	16.70000
-21.30550	7.64160	16.70000
-18.50830	7.64160	16.70000
-15.71110	7.64160	16.70000
-12.91390	7.64160	16.70000
-10.11670	7.64160	16.70000
-7.31953	7.64160	16.70000
-4.52233	7.64160	13.90000
-1.72514	7.64160	6.26000
1.07206	7.64160	0.00000
3.86926	7.64160	5.56000
6.66645	7.64160	9.04000
9.46365	7.64160	6.26000
12.26080	7.64160	8.35000
15.05800	7.64160	6.95000
17.85520	7.64160	8.35000
20.65240	7.64160	9.74000
23.44960	7.64160	11.80000
26.24680	7.64160	16.70000
29.04400	7.64160	16.70000
31.84120	7.64160	16.70000
34.63840	7.64160	16.70000
37.43560	7.64160	16.70000
40.23280	7.64160	16.70000
-46.48030	13.71050	16.70000
-43.68310	13.71050	16.00000
-40.88590	13.71050	12.50000
-38.08870	13.71050	16.00000
-35.29150	13.71050	11.80000
-32.49430	13.71050	16.70000
-29.69710	13.71050	16.70000
-26.89990	13.71050	16.70000
-24.10270	13.71050	16.70000
-21.30550	13.71050	16.70000
-18.50830	13.71050	16.70000
-15.71110	13.71050	16.70000
-12.91390	13.71050	16.70000
-10.11670	13.71050	16.70000
-7.31953	13.71050	11.80000
-4.52233	13.71050	2.78000
-1.72514	13.71050	3.48000
1.07206	13.71050	7.65000
3.86926	13.71050	9.74000
6.66645	13.71050	7.65000
9.46365	13.71050	8.35000
12.26080	13.71050	8.35000
15.05800	13.71050	8.35000
17.85520	13.71050	11.80000
20.65240	13.71050	16.70000
23.44960	13.71050	16.70000
26.24680	13.71050	16.00000
29.04400	13.71050	16.70000
31.84120	13.71050	16.70000
34.63840	13.71050	11.10000
37.43560	13.71050	13.90000
40.23280	13.71050	16.70000
-46.48030	19.77940	12.50000
-43.68310	19.77940	10.40000
-40.88590	19.77940	9.04000
-38.08870	19.77940	12.50000
-35.29150	19.77940	9.74000
-32.49430	19.77940	9.04000
-29.69710	19.77940	9.04000
-26.89990	19.77940	12.50000
-24.10270	19.77940	11.10000
-21.30550	19.77940	16.00000
-18.50830	19.77940	16.00000
-15.71110	19.77940	16.70000
-12.91390	19.77940	16.70000
-10.11670	19.77940	16.70000
-7.31953	19.77940	16.70000
-4.52233	19.77940	13.20000
-1.72514	19.77940	16.70000
1.07206	19.77940	11.10000
3.86926	19.77940	9.04000
6.66645	19.77940	9.74000
9.46365	19.77940	7.65000
12.26080	19.77940	6.95000
15.05800	19.77940	11.80000
17.85520	19.77940	13.20000
20.65240	19.77940	16.00000
23.44960	19.77940	11.10000
26.24680	19.77940	11.10000
29.04400	19.77940	16.00000
31.84120	19.77940	13.90000
34.63840	19.77940	13.20000
37.43560	19.77940	11.10000
40.23280	19.77940	12.50000
-46.48030	25.84840	16.70000
-43.68310	25.84840	13.90000
-40.88590	25.84840	11.10000
-38.08870	25.84840	13.20000
-35.29150	25.84840	13.20000
-32.49430	25.84840	11.10000
-29.69710	25.84840	8.35000
-26.89990	25.84840	8.35000
-24.10270	25.84840	8.35000
-21.30550	25.84840	11.10000
-18.50830	25.84840	9.04000
-15.71110	25.84840	9.04000
-12.91390	25.84840	13.90000
-10.11670	25.84840	16.70000
-7.31953	25.84840	16.70000
-4.52233	25.84840	16.70000
-1.72514	25.84840	16.70000
1.07206	25.84840	16.70000
3.86926	25.84840	16.00000
6.66645	25.84840	10.40000
9.46365	25.84840	7.65000
12.26080	25.84840	6.95000
15.05800	25.84840	9.74000
17.85520	25.84840	13.90000
20.65240	25.84840	16.00000
23.44960	25.84840	16.70000
26.24680	25.84840	16.70000
29.04400	25.84840	13.90000
31.84120	25.84840	13.90000
34.63840	25.84840	16.70000
37.43560	25.84840	16.70000
40.23280	25.84840	16.70000
-46.48030	31.91730	16.70000
-43.68310	31.91730	16.70000
-40.88590	31.91730	16.70000
-38.08870	31.91730	12.50000
-35.29150	31.91730	13.90000
-32.49430	31.91730	16.70000
-29.69710	31.91730	16.00000
-26.89990	31.91730	9.74000
-24.10270	31.91730	9.74000
-21.30550	31.91730	8.35000
-18.50830	31.91730	11.10000
-15.71110	31.91730	16.70000
-12.91390	31.91730	16.70000
-10.11670	31.91730	16.70000
-7.31953	31.91730	16.70000
-4.52233	31.91730	16.70000
-1.72514	31.91730	16.70000
1.07206	31.91730	16.70000
3.86926	31.91730	16.70000
6.66645	31.91730	16.70000
9.46365	31.91730	16.70000
12.26080	31.91730	12.50000
15.05800	31.91730	13.90000
17.85520	31.91730	16.00000
20.65240	31.91730	13.90000
23.44960	31.91730	16.00000
26.24680	31.91730	16.70000
29.04400	31.91730	13.90000
31.84120	31.91730	16.00000
34.63840	31.91730	13.20000
37.43560	31.91730	16.00000
40.23280	31.91730	16.70000
-46.48030	37.98620	16.70000
-43.68310	37.98620	16.70000
-40.88590	37.98620	16.70000
-38.08870	37.98620	16.70000
-35.29150	37.98620	16.70000
-32.49430	37.98620	16.70000
-29.69710	37.98620	16.70000
-26.89990	37.98620	12.50000
-24.10270	37.98620	10.40000
-21.30550	37.98620	13.20000
-18.50830	37.98620	13.20000
-15.71110	37.98620	12.50000
-12.91390	37.98620	11.80000
-10.11670	37.98620	12.50000
-7.31953	37.98620	16.00000
-4.52233	37.98620	16.70000
-1.72514	37.98620	16.70000
1.07206	37.98620	16.70000
3.86926	37.98620	16.70000
6.66645	37.98620	16.70000
9.46365	37.98620	16.70000
12.26080	37.98620	16.70000
15.05800	37.98620	16.70000
17.85520	37.98620	16.70000
20.65240	37.98620	13.90000
23.44960	37.98620	16.00000
26.24680	37.98620	13.20000
29.04400	37.98620	16.00000
31.84120	37.98620	16.70000
34.63840	37.98620	13.90000
37.43560	37.98620	16.00000
40.23280	37.98620	16.70000
-46.48030	44.05510	16.70000
-43.68310	44.05510	16.70000
-40.88590	44.05510	16.70000
-38.08870	44.05510	16.70000
-35.29150	44.05510	16.70000
-32.49430	44.05510	16.70000
-29.69710	44.05510	16.70000
-26.89990	44.05510	13.90000
-24.10270	44.05510	10.40000
-21.30550	44.05510	16.00000
-18.50830	44.05510	11.10000
-15.71110	44.05510	9.74000
-12.91390	44.05510	9.04000
-10.11670	44.05510	9.04000
-7.31953	44.05510	11.10000
-4.52233	44.05510	16.70000
-1.72514	44.05510	16.70000
1.07206	44.05510	16.70000
3.86926	44.05510	16.70000
6.66645	44.05510	16.70000
9.46365	44.05510	16.70000
12.26080	44.05510	16.70000
15.05800	44.05510	16.70000
17.85520	44.05510	16.70000
20.65240	44.05510	16.70000
23.44960	44.05510	16.70000
26.24680	44.05510	16.70000
29.04400	44.05510	13.90000
31.84120	44.05510	16.70000
34.63840	44.05510	16.70000
37.43560	44.05510	16.70000
40.23280	44.05510	16.70000
-46.48030	50.12400	16.70000
-43.68310	50.12400	16.70000
-40.88590	50.12400	16.70000
-38.08870	50.12400	16.70000
-35.29150	50.12400	13.90000
-32.49430	50.12400	13.20000
-29.69710	50.12400	16.70000
-26.89990	50.12400	16.70000
-24.10270	50.12400	16.70000
-21.30550	50.12400	13.90000
-18.50830	50.12400	16.00000
-15.71110	50.12400	11.10000
-12.91390	50.12400	10.40000
-10.11670	50.12400	9.04000
-7.31953	50.12400	10.40000
-4.52233	50.12400	16.70000
-1.72514	50.12400	16.70000
1.07206	50.12400	16.70000
3.86926	50.12400	16.70000
6.66645	50.12400	16.70000
9.46365	50.12400	16.70000
12.26080	50.12400	16.70000
15.05800	50.12400	16.70000
17.85520	50.12400	16.70000
20.65240	50.12400	16.70000
23.44960	50.12400	16.70000
26.24680	50.12400	16.70000
29.04400	50.12400	16.70000
31.84120	50.12400	16.70000
34.63840	50.12400	16.70000
37.43560	50.12400	16.70000
40.23280	50.12400	16.70000
-46.48030	56.19300	16.70000
-43.68310	56.19300	16.70000
-40.88590	56.19300	16.70000
-38.08870	56.19300	16.00000
-35.29150	56.19300	12.50000
-32.49430	56.19300	11.10000
-29.69710	56.19300	11.10000
-26.89990	56.19300	16.00000
-24.10270	56.19300	13.20000
-21.30550	56.19300	16.00000
-18.50830	56.19300	13.90000
-15.71110	56.19300	13.90000
-12.91390	56.19300	16.70000
-10.11670	56.19300	16.70000
-7.31953	56.19300	16.70000
-4.52233	56.19300	16.70000
-1.72514	56.19300	16.70000
1.07206	56.19300	16.70000
3.86926	56.19300	16.70000
6.66645	56.19300	16.70000
9.46365	56.19300	16.70000
12.26080	56.19300	16.70000
15.05800	56.19300	16.70000
17.85520	56.19300	16.70000
20.65240	56.19300	16.70000
23.44960	56.19300	16.70000
26.24680	56.19300	16.70000
29.04400	56.19300	16.70000
31.84120	56.19300	16.70000
34.63840	56.19300	16.70000
37.43560	56.19300	16.70000
40.23280	56.19300	16.70000
-46.48030	62.26190	16.70000
-43.68310	62.26190	16.70000
-40.88590	62.26190	16.70000
-38.08870	62.26190	16.70000
-35.29150	62.26190	16.70000
-32.49430	62.26190	16.70000
-29.69710	62.26190	11.10000
-26.89990	62.26190	16.00000
-24.10270	62.26190	16.70000
-21.30550	62.26190	16.70000
-18.50830	62.26190	16.70000
-15.71110	62.26190	16.70000
-12.91390	62.26190	16.70000
-10.11670	62.26190	16.70000
-7.31953	62.26190	16.70000
-4.52233	62.26190	16.70000
-1.72514	62.26190	16.70000
1.07206	62.26190	16.70000
3.86926	62.26190	16.70000
6.66645	62.26190	16.70000
9.46365	62.26190	16.70000
12.26080	62.26190	16.70000
15.05800	62.26190	16.70000
17.85520	62.26190	16.70000
20.65240	62.26190	16.70000
23.44960	62.26190	16.70000
26.24680	62.26190	16.70000
29.04400	62.26190	16.70000
31.84120	62.26190	16.70000
34.63840	62.26190	16.70000
37.43560	62.26190	16.70000
40.23280	62.26190	16.70000
-46.48030	68.33080	16.70000
-43.68310	68.33080	16.70000
-40.88590	68.33080	16.70000
-38.08870	68.33080	16.70000
-35.29150	68.33080	16.70000
-32.49430	68.33080	16.70000
-29.69710	68.33080	16.70000
-26.89990	68.33080	16.70000
-24.10270	68.33080	16.70000
-21.30550	68.33080	16.70000
-18.50830	68.33080	16.70000
-15.71110	68.33080	16.70000
-12.91390	68.33080	16.70000
-10.11670	68.33080	16.70000
-7.31953	68.33080	16.70000
-4.52233	68.33080	16.70000
-1.72514	68.33080	16.70000
1.07206	68.33080	16.70000
3.86926	68.33080	16.70000
6.66645	68.33080	16.70000
9.46365	68.33080	16.70000
12.26080	68.33080	16.70000
15.05800	68.33080	16.70000
17.85520	68.33080	16.70000
20.65240	68.33080	16.70000
23.44960	68.33080	16.70000
26.24680	68.33080	16.70000
29.04400	68.33080	16.70000
31.84120	68.33080	16.70000
34.63840	68.33080	16.70000
37.43560	68.33080	16.70000
40.23280	68.33080	16.70000
-46.48030	74.39970	16.70000
-43.68310	74.39970	16.70000
-40.88590	74.39970	16.70000
-38.08870	74.39970	16.70000
-35.29150	74.39970	16.70000
-32.49430	74.39970	16.70000
-29.69710	74.39970	16.70000
-26.89990	74.39970	16.70000
-24.10270	74.39970	16.70000
-21.30550	74.39970	16.70000
-18.50830	74.39970	16.70000
-15.71110	74.39970	16.70000
-12.91390	74.39970	16.70000
-10.11670	74.39970	16.70000
-7.31953	74.39970	16.70000
-4.52233	74.39970	16.70000
-1.72514	74.39970	16.70000
1.07206	74.39970	16.70000
3.86926	74.39970	16.70000
6.66645	74.39970	16.70000
9.46365	74.39970	16.70000
12.26080	74.39970	16.70000
15.05800	74.39970	16.70000
17.85520	74.39970	16.70000
20.65240	74.39970	16.70000
23.44960	74.39970	16.70000
26.24680	74.39970	16.70000
29.04400	74.39970	16.70000
31.84120	74.39970	16.70000
34.63840	74.39970	16.70000
37.43560	74.39970	16.70000
40.23280	74.39970	16.70000
-46.48030	80.46860	16.70000
-43.68310	80.46860	16.70000
-40.88590	80.46860	16.70000
-38.08870	80.46860	16.70000
-35.29150	80.46860	16.70000
-32.49430	80.46860	16.70000
-29.69710	80.46860	16.70000
-26.89990	80.46860	16.70000
-24.10270	80.46860	16.70000
-21.30550	80.46860	16.70000
-18.50830	80.46860	16.70000
-15.71110	80.46860	16.70000
-12.91390	80.46860	16.70000
-10.11670	80.46860	16.70000
-7.31953	80.46860	16.70000
-4.52233	80.46860	16.70000
-1.72514	80.46860	16.70000
1.07206	80.46860	16.70000
3.86926	80.46860	16.70000
6.66645	80.46860	16.70000
9.46365	80.46860	16.70000
12.26080	80.46860	16.70000
15.05800	80.46860	16.70000
17.85520	80.46860	16.70000
20.65240	80.46860	16.70000
23.44960	80.46860	16.70000
26.24680	80.46860	16.70000
29.04400	80.46860	16.70000
31.84120	80.46860	16.70000
34.63840	80.46860	16.70000
37.43560	80.46860	16.70000
40.23280	80.46860	16.70000
-46.48030	86.53760	16.70000
-43.68310	86.53760	16.70000
-40.88590	86.53760	16.70000
-38.08870	86.53760	16.70000
-35.29150	86.53760	16.70000
-32.49430	86.53760	16.70000
-29.69710	86.53760	16.70000
-26.89990	86.53760	16.70000
-24.10270	86.53760	16.70000
-21.30550	86.53760	16.70000
-18.50830	86.53760	16.70000
-15.71110	86.53760	16.70000
-12.91390	86.53760	16.70000
-10.11670	86.53760	16.70000
-7.31953	86.53760	16.70000
-4.52233	86.53760	16.70000
-1.72514	86.53760	16.70000
1.07206	86.53760	16.70000
3.86926	86.53760	16.70000
6.66645	86.53760	16.70000
9.46365	86.53760	16.70000
12.26080	86.53760	16.70000
15.05800	86.53760	16.70000
17.85520	86.53760	16.70000
20.65240	86.53760	16.70000
23.44960	86.53760	16.70000
26.24680	86.53760	16.70000
29.04400	86.53760	16.70000
31.84120	86.53760	16.70000
34.63840	86.53760	16.70000
37.43560	86.53760	16.70000
40.23280	86.53760	16.70000
-46.48030	92.60650	16.70000
-43.68310	92.60650	16.70000
-40.88590	92.60650	16.70000
-38.08870	92.60650	16.70000
-35.29150	92.60650	16.70000
-32.49430	92.60650	16.70000
-29.69710	92.60650	16.70000
-26.89990	92.60650	16.70000
-24.10270	92.60650	16.70000
-21.30550	92.60650	16.70000
-18.50830	92.60650	16.70000
-15.71110	92.60650	16.70000
-12.91390	92.60650	16.70000
-10.11670	92.60650	16.70000
-7.31953	92.60650	16.70000
-4.52233	92.60650	16.70000
-1.72514	92.60650	16.00000
1.07206	92.60650	13.90000
3.86926	92.60650	16.00000
6.66645	92.60650	16.70000
9.46365	92.60650	16.70000
12.26080	92.60650	16.70000
15.05800	92.60650	16.70000
17.85520	92.60650	16.70000
20.65240	92.60650	16.70000
23.44960	92.60650	16.70000
26.24680	92.60650	16.70000
29.04400	92.60650	16.70000
31.84120	92.60650	16.70000
34.63840	92.60650	16.70000
37.43560	92.60650	16.70000
40.23280	92.60650	16.70000
