-69.10140	-69.93910	12.50000
-64.73890	-69.93910	12.50000
-60.37630	-69.93910	12.50000
-56.01380	-69.93910	12.50000
-51.65130	-69.93910	12.50000
-47.28880	-69.93910	12.50000
-42.92620	-69.93910	12.50000
-38.56370	-69.93910	12.50000
-34.20120	-69.93910	12.50000
-29.83860	-69.93910	12.50000
-25.47610	-69.93910	12.50000
-21.11360	-69.93910	12.50000
-16.75110	-69.93910	9.91000
-12.38850	-69.93910	12.50000
-8.02601	-69.93910	11.50000
-3.66348	-69.93910	8.86000
0.69905	-69.93910	12.50000
5.06157	-69.93910	12.50000
9.42410	-69.93910	12.50000
13.78660	-69.93910	12.50000
18.14920	-69.93910	12.50000
22.51170	-69.93910	12.50000
26.87420	-69.93910	12.50000
31.23670	-69.93910	12.50000
35.59930	-69.93910	12.50000
39.96180	-69.93910	12.50000
44.32430	-69.93910	12.50000
48.68690	-69.93910	12.50000
53.04940	-69.93910	12.50000
57.41190	-69.93910	12.50000
61.77440	-69.93910	12.50000
66.13700	-69.93910	12.50000
-69.10140	-65.71840	12.50000
-64.73890	-65.71840	12.50000
-60.37630	-65.71840	12.50000
-56.01380	-65.71840	12.50000
-51.65130	-65.71840	12.50000
-47.28880	-65.71840	12.50000
-42.92620	-65.71840	12.50000
-38.56370	-65.71840	12.50000
-34.20120	-65.71840	12.50000
-29.83860	-65.71840	8.86000
-25.47610	-65.71840	7.30000
-21.11360	-65.71840	8.86000
-16.75110	-65.71840	7.82000
-12.38850	-65.71840	9.91000
-8.02601	-65.71840	12.50000
-3.66348	-65.71840	12.50000
0.69905	-65.71840	9.91000
5.06157	-65.71840	12.50000
9.42410	-65.71840	12.50000
13.78660	-65.71840	12.50000
18.14920	-65.71840	12.50000
22.51170	-65.71840	12.50000
26.87420	-65.71840	12.50000
31.23670	-65.71840	12.50000
35.59930	-65.71840	12.50000
39.96180	-65.71840	12.50000
44.32430	-65.71840	12.50000
48.68690	-65.71840	12.50000
53.04940	-65.71840	12.50000
57.41190	-65.71840	12.50000
61.77440	-65.71840	12.50000
66.13700	-65.71840	12.50000
-69.10140	-61.49760	12.50000
-64.73890	-61.49760	12.50000
-60.37630	-61.49760	12.50000
-56.01380	-61.49760	12.50000
-51.65130	-61.49760	12.50000
-47.28880	-61.49760	12.50000
-42.92620	-61.49760	12.50000
-38.56370	-61.49760	12.50000
-34.20120	-61.49760	8.86000
-29.83860	-61.49760	11.50000
-25.47610	-61.49760	8.86000
-21.11360	-61.49760	11.50000
-16.75110	-61.49760	9.91000
-12.38850	-61.49760	8.86000
-8.02601	-61.49760	8.86000
-3.66348	-61.49760	12.50000
0.69905	-61.49760	12.50000
5.06157	-61.49760	12.50000
9.42410	-61.49760	12.50000
13.78660	-61.49760	12.50000
18.14920	-61.49760	12.50000
22.51170	-61.49760	12.50000
26.87420	-61.49760	12.50000
31.23670	-61.49760	12.50000
35.59930	-61.49760	12.50000
39.96180	-61.49760	12.50000
44.32430	-61.49760	12.50000
48.68690	-61.49760	12.50000
53.04940	-61.49760	12.50000
57.41190	-61.49760	12.50000
61.77440	-61.49760	12.50000
66.13700	-61.49760	12.50000
-69.10140	-57.27690	12.50000
-64.73890	-57.27690	12.50000
-60.37630	-57.27690	12.50000
-56.01380	-57.27690	12.50000
-51.65130	-57.27690	12.50000
-47.28880	-57.27690	12.50000
-42.92620	-57.27690	12.50000
-38.56370	-57.27690	12.50000
-34.20120	-57.27690	12.50000
-29.83860	-57.27690	9.91000
-25.47610	-57.27690	12.50000
-21.11360	-57.27690	12.50000
-16.75110	-57.27690	9.91000
-12.38850	-57.27690	12.50000
-8.02601	-57.27690	12.50000
-3.66348	-57.27690	12.50000
0.69905	-57.27690	9.91000
5.06157	-57.27690	11.50000
9.42410	-57.27690	12.50000
13.78660	-57.27690	12.50000
18.14920	-57.27690	12.50000
22.51170	-57.27690	12.50000
26.87420	-57.27690	12.50000
31.23670	-57.27690	12.50000
35.59930	-57.27690	12.50000
39.96180	-57.27690	12.50000
44.32430	-57.27690	12.50000
48.68690	-57.27690	12.50000
53.04940	-57.27690	12.50000
57.41190	-57.27690	12.50000
61.77440	-57.27690	12.50000
66.13700	-57.27690	12.50000
-69.10140	-53.05620	12.50000
-64.73890	-53.05620	12.50000
-60.37630	-53.05620	12.50000
-56.01380	-53.05620	12.50000
-51.65130	-53.05620	11.50000
-47.28880	-53.05620	11.50000
-42.92620	-53.05620	11.50000
-38.56370	-53.05620	12.50000
-34.20120	-53.05620	8.86000
-29.83860	-53.05620	11.50000
-25.47610	-53.05620	8.86000
-21.11360	-53.05620	9.91000
-16.75110	-53.05620	9.91000
-12.38850	-53.05620	12.50000
-8.02601	-53.05620	7.30000
-3.66348	-53.05620	5.74000
0.69905	-53.05620	6.78000
5.06157	-53.05620	7.30000
9.42410	-53.05620	7.30000
13.78660	-53.05620	12.50000
18.14920	-53.05620	12.50000
22.51170	-53.05620	12.50000
26.87420	-53.05620	12.50000
31.23670	-53.05620	12.50000
35.59930	-53.05620	12.50000
39.96180	-53.05620	12.50000
44.32430	-53.05620	12.50000
48.68690	-53.05620	12.50000
53.04940	-53.05620	12.50000
57.41190	-53.05620	12.50000
61.77440	-53.05620	12.50000
66.13700	-53.05620	12.50000
-69.10140	-48.83540	12.50000
-64.73890	-48.83540	12.50000
-60.37630	-48.83540	12.50000
-56.01380	-48.83540	12.50000
-51.65130	-48.83540	12.50000
-47.28880	-48.83540	12.50000
-42.92620	-48.83540	9.91000
-38.56370	-48.83540	11.50000
-34.20120	-48.83540	9.91000
-29.83860	-48.83540	9.91000
-25.47610	-48.83540	7.82000
-21.11360	-48.83540	8.86000
-16.75110	-48.83540	8.86000
-12.38850	-48.83540	7.30000
-8.02601	-48.83540	5.74000
-3.66348	-48.83540	6.26000
0.69905	-48.83540	5.21000
5.06157	-48.83540	7.30000
9.42410	-48.83540	12.50000
13.78660	-48.83540	5.74000
18.14920	-48.83540	5.74000
22.51170	-48.83540	7.30000
26.87420	-48.83540	12.50000
31.23670	-48.83540	12.50000
35.59930	-48.83540	12.50000
39.96180	-48.83540	12.50000
44.32430	-48.83540	12.50000
48.68690	-48.83540	12.50000
53.04940	-48.83540	12.50000
57.41190	-48.83540	12.50000
61.77440	-48.83540	12.50000
66.13700	-48.83540	12.50000
-69.10140	-44.61470	12.50000
-64.73890	-44.61470	12.50000
-60.37630	-44.61470	12.50000
-56.01380	-44.61470	11.50000
-51.65130	-44.61470	9.91000
-47.28880	-44.61470	8.86000
-42.92620	-44.61470	9.91000
-38.56370	-44.61470	11.50000
-34.20120	-44.61470	11.50000
-29.83860	-44.61470	6.78000
-25.47610	-44.61470	5.74000
-21.11360	-44.61470	7.82000
-16.75110	-44.61470	8.86000
-12.38850	-44.61470	6.26000
-8.02601	-44.61470	5.74000
-3.66348	-44.61470	3.13000
0.69905	-44.61470	2.09000
5.06157	-44.61470	3.65000
9.42410	-44.61470	4.69000
13.78660	-44.61470	6.26000
18.14920	-44.61470	7.82000
22.51170	-44.61470	7.30000
26.87420	-44.61470	11.50000
31.23670	-44.61470	12.50000
35.59930	-44.61470	12.50000
39.96180	-44.61470	12.50000
44.32430	-44.61470	12.50000
48.68690	-44.61470	12.50000
53.04940	-44.61470	12.50000
57.41190	-44.61470	12.50000
61.77440	-44.61470	12.50000
66.13700	-44.61470	12.50000
-69.10140	-40.39400	12.50000
-64.73890	-40.39400	12.50000
-60.37630	-40.39400	11.50000
-56.01380	-40.39400	8.86000
-51.65130	-40.39400	12.50000
-47.28880	-40.39400	12.50000
-42.92620	-40.39400	7.82000
-38.56370	-40.39400	7.30000
-34.20120	-40.39400	6.26000
-29.83860	-40.39400	4.69000
-25.47610	-40.39400	6.26000
-21.11360	-40.39400	12.50000
-16.75110	-40.39400	8.86000
-12.38850	-40.39400	9.91000
-8.02601	-40.39400	2.61000
-3.66348	-40.39400	2.09000
0.69905	-40.39400	4.17000
5.06157	-40.39400	4.17000
9.42410	-40.39400	5.74000
13.78660	-40.39400	12.50000
18.14920	-40.39400	11.50000
22.51170	-40.39400	8.86000
26.87420	-40.39400	5.21000
31.23670	-40.39400	5.21000
35.59930	-40.39400	12.50000
39.96180	-40.39400	12.50000
44.32430	-40.39400	12.50000
48.68690	-40.39400	12.50000
53.04940	-40.39400	12.50000
57.41190	-40.39400	12.50000
61.77440	-40.39400	12.50000
66.13700	-40.39400	12.50000
-69.10140	-36.17320	12.50000
-64.73890	-36.17320	12.50000
-60.37630	-36.17320	11.50000
-56.01380	-36.17320	12.50000
-51.65130	-36.17320	9.91000
-47.28880	-36.17320	12.50000
-42.92620	-36.17320	4.17000
-38.56370	-36.17320	5.74000
-34.20120	-36.17320	4.69000
-29.83860	-36.17320	6.26000
-25.47610	-36.17320	12.50000
-21.11360	-36.17320	11.50000
-16.75110	-36.17320	2.61000
-12.38850	-36.17320	0.00000
-8.02601	-36.17320	0.52100
-3.66348	-36.17320	2.61000
0.69905	-36.17320	7.30000
5.06157	-36.17320	12.50000
9.42410	-36.17320	12.50000
13.78660	-36.17320	12.50000
18.14920	-36.17320	12.50000
22.51170	-36.17320	12.50000
26.87420	-36.17320	12.50000
31.23670	-36.17320	5.21000
35.59930	-36.17320	7.82000
39.96180	-36.17320	12.50000
44.32430	-36.17320	12.50000
48.68690	-36.17320	12.50000
53.04940	-36.17320	12.50000
57.41190	-36.17320	12.50000
61.77440	-36.17320	12.50000
66.13700	-36.17320	12.50000
-69.10140	-31.95250	12.50000
-64.73890	-31.95250	12.50000
-60.37630	-31.95250	12.50000
-56.01380	-31.95250	11.50000
-51.65130	-31.95250	11.50000
-47.28880	-31.95250	3.65000
-42.92620	-31.95250	5.21000
-38.56370	-31.95250	9.91000
-34.20120	-31.95250	5.74000
-29.83860	-31.95250	11.50000
-25.47610	-31.95250	12.50000
-21.11360	-31.95250	8.86000
-16.75110	-31.95250	1.04000
-12.38850	-31.95250	0.00000
-8.02601	-31.95250	7.30000
-3.66348	-31.95250	9.91000
0.69905	-31.95250	12.50000
5.06157	-31.95250	12.50000
9.42410	-31.95250	7.30000
13.78660	-31.95250	8.86000
18.14920	-31.95250	7.30000
22.51170	-31.95250	7.30000
26.87420	-31.95250	12.50000
31.23670	-31.95250	12.50000
35.59930	-31.95250	12.50000
39.96180	-31.95250	12.50000
44.32430	-31.95250	12.50000
48.68690	-31.95250	12.50000
53.04940	-31.95250	4.69000
57.41190	-31.95250	8.86000
61.77440	-31.95250	12.50000
66.13700	-31.95250	12.50000
-69.10140	-27.73170	12.50000
-64.73890	-27.73170	12.50000
-60.37630	-27.73170	12.50000
-56.01380	-27.73170	9.91000
-51.65130	-27.73170	6.26000
-47.28880	-27.73170	4.17000
-42.92620	-27.73170	7.82000
-38.56370	-27.73170	11.50000
-34.20120	-27.73170	7.82000
-29.83860	-27.73170	9.91000
-25.47610	-27.73170	11.50000
-21.11360	-27.73170	4.17000
-16.75110	-27.73170	11.50000
-12.38850	-27.73170	12.50000
-8.02601	-27.73170	12.50000
-3.66348	-27.73170	12.50000
0.69905	-27.73170	12.50000
5.06157	-27.73170	12.50000
9.42410	-27.73170	7.82000
13.78660	-27.73170	8.86000
18.14920	-27.73170	12.50000
22.51170	-27.73170	9.91000
26.87420	-27.73170	7.30000
31.23670	-27.73170	11.50000
35.59930	-27.73170	6.78000
39.96180	-27.73170	6.78000
44.32430	-27.73170	7.82000
48.68690	-27.73170	3.65000
53.04940	-27.73170	4.69000
57.41190	-27.73170	5.21000
61.77440	-27.73170	7.30000
66.13700	-27.73170	12.50000
-69.10140	-23.51100	12.50000
-64.73890	-23.51100	12.50000
-60.37630	-23.51100	8.86000
-56.01380	-23.51100	5.74000
-51.65130	-23.51100	2.61000
-47.28880	-23.51100	5.21000
-42.92620	-23.51100	9.91000
-38.56370	-23.51100	12.50000
-34.20120	-23.51100	12.50000
-29.83860	-23.51100	12.50000
-25.47610	-23.51100	5.21000
-21.11360	-23.51100	4.69000
-16.75110	-23.51100	12.50000
-12.38850	-23.51100	12.50000
-8.02601	-23.51100	12.50000
-3.66348	-23.51100	12.50000
0.69905	-23.51100	12.50000
5.06157	-23.51100	12.50000
9.42410	-23.51100	9.91000
13.78660	-23.51100	7.82000
18.14920	-23.51100	12.50000
22.51170	-23.51100	12.50000
26.87420	-23.51100	5.21000
31.23670	-23.51100	3.65000
35.59930	-23.51100	3.13000
39.96180	-23.51100	5.21000
44.32430	-23.51100	6.26000
48.68690	-23.51100	4.69000
53.04940	-23.51100	5.21000
57.41190	-23.51100	5.74000
61.77440	-23.51100	1.56000
66.13700	-23.51100	6.78000
-69.10140	-19.29030	12.50000
-64.73890	-19.29030	12.50000
-60.37630	-19.29030	6.78000
-56.01380	-19.29030	3.65000
-51.65130	-19.29030	5.21000
-47.28880	-19.29030	5.74000
-42.92620	-19.29030	9.91000
-38.56370	-19.29030	12.50000
-34.20120	-19.29030	12.50000
-29.83860	-19.29030	12.50000
-25.47610	-19.29030	11.50000
-21.11360	-19.29030	5.21000
-16.75110	-19.29030	8.86000
-12.38850	-19.29030	12.50000
-8.02601	-19.29030	12.50000
-3.66348	-19.29030	12.50000
0.69905	-19.29030	12.50000
5.06157	-19.29030	12.50000
9.42410	-19.29030	7.30000
13.78660	-19.29030	8.86000
18.14920	-19.29030	5.74000
22.51170	-19.29030	11.50000
26.87420	-19.29030	5.21000
31.23670	-19.29030	2.61000
35.59930	-19.29030	4.17000
39.96180	-19.29030	5.21000
44.32430	-19.29030	4.69000
48.68690	-19.29030	7.30000
53.04940	-19.29030	4.69000
57.41190	-19.29030	6.78000
61.77440	-19.29030	3.65000
66.13700	-19.29030	7.30000
-69.10140	-15.06950	12.50000
-64.73890	-15.06950	11.50000
-60.37630	-15.06950	6.78000
-56.01380	-15.06950	2.61000
-51.65130	-15.06950	5.21000
-47.28880	-15.06950	5.21000
-42.92620	-15.06950	8.86000
-38.56370	-15.06950	12.50000
-34.20120	-15.06950	12.50000
-29.83860	-15.06950	12.50000
-25.47610	-15.06950	12.50000
-21.11360	-15.06950	11.50000
-16.75110	-15.06950	6.78000
-12.38850	-15.06950	12.50000
-8.02601	-15.06950	12.50000
-3.66348	-15.06950	12.50000
0.69905	-15.06950	12.50000
5.06157	-15.06950	12.50000
9.42410	-15.06950	12.50000
13.78660	-15.06950	11.50000
18.14920	-15.06950	4.17000
22.51170	-15.06950	5.21000
26.87420	-15.06950	4.17000
31.23670	-15.06950	4.69000
35.59930	-15.06950	3.65000
39.96180	-15.06950	3.65000
44.32430	-15.06950	12.50000
48.68690	-15.06950	8.86000
53.04940	-15.06950	6.78000
57.41190	-15.06950	6.26000
61.77440	-15.06950	8.86000
66.13700	-15.06950	11.50000
-69.10140	-10.84880	7.82000
-64.73890	-10.84880	12.50000
-60.37630	-10.84880	7.30000
-56.01380	-10.84880	3.65000
-51.65130	-10.84880	4.17000
-47.28880	-10.84880	6.78000
-42.92620	-10.84880	7.30000
-38.56370	-10.84880	12.50000
-34.20120	-10.84880	12.50000
-29.83860	-10.84880	12.50000
-25.47610	-10.84880	12.50000
-21.11360	-10.84880	12.50000
-16.75110	-10.84880	12.50000
-12.38850	-10.84880	12.50000
-8.02601	-10.84880	12.50000
-3.66348	-10.84880	12.50000
0.69905	-10.84880	12.50000
5.06157	-10.84880	12.50000
9.42410	-10.84880	12.50000
13.78660	-10.84880	12.50000
18.14920	-10.84880	8.86000
22.51170	-10.84880	11.50000
26.87420	-10.84880	6.78000
31.23670	-10.84880	12.50000
35.59930	-10.84880	5.74000
39.96180	-10.84880	5.21000
44.32430	-10.84880	7.30000
48.68690	-10.84880	5.74000
53.04940	-10.84880	9.91000
57.41190	-10.84880	12.50000
61.77440	-10.84880	12.50000
66.13700	-10.84880	12.50000
-69.10140	-6.62806	11.50000
-64.73890	-6.62806	7.82000
-60.37630	-6.62806	7.82000
-56.01380	-6.62806	4.69000
-51.65130	-6.62806	4.17000
-47.28880	-6.62806	6.26000
-42.92620	-6.62806	5.21000
-38.56370	-6.62806	12.50000
-34.20120	-6.62806	12.50000
-29.83860	-6.62806	12.50000
-25.47610	-6.62806	12.50000
-21.11360	-6.62806	12.50000
-16.75110	-6.62806	12.50000
-12.38850	-6.62806	12.50000
-8.02601	-6.62806	12.50000
-3.66348	-6.62806	12.50000
0.69905	-6.62806	12.50000
5.06157	-6.62806	12.50000
9.42410	-6.62806	12.50000
13.78660	-6.62806	12.50000
18.14920	-6.62806	12.50000
22.51170	-6.62806	6.26000
26.87420	-6.62806	7.30000
31.23670	-6.62806	6.78000
35.59930	-6.62806	6.26000
39.96180	-6.62806	4.17000
44.32430	-6.62806	5.74000
48.68690	-6.62806	3.65000
53.04940	-6.62806	7.30000
57.41190	-6.62806	12.50000
61.77440	-6.62806	12.50000
66.13700	-6.62806	12.50000
-69.10140	-2.40732	11.50000
-64.73890	-2.40732	7.82000
-60.37630	-2.40732	8.86000
-56.01380	-2.40732	4.69000
-51.65130	-2.40732	4.17000
-47.28880	-2.40732	7.30000
-42.92620	-2.40732	7.30000
-38.56370	-2.40732	11.50000
-34.20120	-2.40732	7.30000
-29.83860	-2.40732	6.78000
-25.47610	-2.40732	12.50000
-21.11360	-2.40732	12.50000
-16.75110	-2.40732	12.50000
-12.38850	-2.40732	12.50000
-8.02601	-2.40732	12.50000
-3.66348	-2.40732	12.50000
0.69905	-2.40732	12.50000
5.06157	-2.40732	12.50000
9.42410	-2.40732	12.50000
13.78660	-2.40732	9.91000
18.14920	-2.40732	8.86000
22.51170	-2.40732	7.30000
26.87420	-2.40732	4.17000
31.23670	-2.40732	6.78000
35.59930	-2.40732	4.69000
39.96180	-2.40732	4.17000
44.32430	-2.40732	5.74000
48.68690	-2.40732	5.21000
53.04940	-2.40732	7.30000
57.41190	-2.40732	12.50000
61.77440	-2.40732	12.50000
66.13700	-2.40732	12.50000
-69.10140	1.81341	12.50000
-64.73890	1.81341	7.82000
-60.37630	1.81341	5.21000
-56.01380	1.81341	4.69000
-51.65130	1.81341	3.65000
-47.28880	1.81341	7.30000
-42.92620	1.81341	9.91000
-38.56370	1.81341	7.82000
-34.20120	1.81341	6.26000
-29.83860	1.81341	6.26000
-25.47610	1.81341	9.91000
-21.11360	1.81341	12.50000
-16.75110	1.81341	12.50000
-12.38850	1.81341	12.50000
-8.02601	1.81341	12.50000
-3.66348	1.81341	12.50000
0.69905	1.81341	12.50000
5.06157	1.81341	12.50000
9.42410	1.81341	11.50000
13.78660	1.81341	11.50000
18.14920	1.81341	8.86000
22.51170	1.81341	7.30000
26.87420	1.81341	6.26000
31.23670	1.81341	3.13000
35.59930	1.81341	3.65000
39.96180	1.81341	3.13000
44.32430	1.81341	4.17000
48.68690	1.81341	4.17000
53.04940	1.81341	4.69000
57.41190	1.81341	12.50000
61.77440	1.81341	9.91000
66.13700	1.81341	12.50000
-69.10140	6.03415	9.91000
-64.73890	6.03415	8.86000
-60.37630	6.03415	4.17000
-56.01380	6.03415	3.13000
-51.65130	6.03415	5.21000
-47.28880	6.03415	9.91000
-42.92620	6.03415	7.82000
-38.56370	6.03415	7.30000
-34.20120	6.03415	4.69000
-29.83860	6.03415	5.74000
-25.47610	6.03415	7.30000
-21.11360	6.03415	3.65000
-16.75110	6.03415	12.50000
-12.38850	6.03415	12.50000
-8.02601	6.03415	12.50000
-3.66348	6.03415	12.50000
0.69905	6.03415	12.50000
5.06157	6.03415	11.50000
9.42410	6.03415	12.50000
13.78660	6.03415	11.50000
18.14920	6.03415	5.74000
22.51170	6.03415	6.78000
26.87420	6.03415	6.78000
31.23670	6.03415	3.13000
35.59930	6.03415	6.78000
39.96180	6.03415	4.69000
44.32430	6.03415	2.61000
48.68690	6.03415	6.26000
53.04940	6.03415	7.30000
57.41190	6.03415	11.50000
61.77440	6.03415	11.50000
66.13700	6.03415	12.50000
-69.10140	10.25490	12.50000
-64.73890	10.25490	7.30000
-60.37630	10.25490	4.69000
-56.01380	10.25490	3.65000
-51.65130	10.25490	4.69000
-47.28880	10.25490	7.30000
-42.92620	10.25490	7.30000
-38.56370	10.25490	7.30000
-34.20120	10.25490	7.30000
-29.83860	10.25490	12.50000
-25.47610	10.25490	11.50000
-21.11360	10.25490	5.74000
-16.75110	10.25490	12.50000
-12.38850	10.25490	12.50000
-8.02601	10.25490	12.50000
-3.66348	10.25490	12.50000
0.69905	10.25490	12.50000
5.06157	10.25490	12.50000
9.42410	10.25490	12.50000
13.78660	10.25490	11.50000
18.14920	10.25490	9.91000
22.51170	10.25490	12.50000
26.87420	10.25490	12.50000
31.23670	10.25490	6.26000
35.59930	10.25490	9.91000
39.96180	10.25490	7.30000
44.32430	10.25490	5.21000
48.68690	10.25490	7.82000
53.04940	10.25490	11.50000
57.41190	10.25490	8.86000
61.77440	10.25490	9.91000
66.13700	10.25490	12.50000
-69.10140	14.47560	11.50000
-64.73890	14.47560	7.30000
-60.37630	14.47560	3.65000
-56.01380	14.47560	3.65000
-51.65130	14.47560	3.65000
-47.28880	14.47560	6.26000
-42.92620	14.47560	4.69000
-38.56370	14.47560	5.21000
-34.20120	14.47560	7.82000
-29.83860	14.47560	12.50000
-25.47610	14.47560	7.82000
-21.11360	14.47560	5.21000
-16.75110	14.47560	7.82000
-12.38850	14.47560	12.50000
-8.02601	14.47560	12.50000
-3.66348	14.47560	12.50000
0.69905	14.47560	11.50000
5.06157	14.47560	12.50000
9.42410	14.47560	12.50000
13.78660	14.47560	5.74000
18.14920	14.47560	6.26000
22.51170	14.47560	7.30000
26.87420	14.47560	11.50000
31.23670	14.47560	7.30000
35.59930	14.47560	5.21000
39.96180	14.47560	7.30000
44.32430	14.47560	4.69000
48.68690	14.47560	5.74000
53.04940	14.47560	12.50000
57.41190	14.47560	6.78000
61.77440	14.47560	9.91000
66.13700	14.47560	12.50000
-69.10140	18.69640	12.50000
-64.73890	18.69640	8.86000
-60.37630	18.69640	5.21000
-56.01380	18.69640	3.65000
-51.65130	18.69640	3.65000
-47.28880	18.69640	6.26000
-42.92620	18.69640	4.69000
-38.56370	18.69640	6.26000
-34.20120	18.69640	6.78000
-29.83860	18.69640	9.91000
-25.47610	18.69640	5.74000
-21.11360	18.69640	5.21000
-16.75110	18.69640	6.26000
-12.38850	18.69640	9.91000
-8.02601	18.69640	12.50000
-3.66348	18.69640	12.50000
0.69905	18.69640	12.50000
5.06157	18.69640	12.50000
9.42410	18.69640	12.50000
13.78660	18.69640	6.78000
18.14920	18.69640	6.78000
22.51170	18.69640	5.21000
26.87420	18.69640	4.69000
31.23670	18.69640	5.74000
35.59930	18.69640	5.21000
39.96180	18.69640	5.74000
44.32430	18.69640	6.26000
48.68690	18.69640	7.82000
53.04940	18.69640	12.50000
57.41190	18.69640	12.50000
61.77440	18.69640	12.50000
66.13700	18.69640	12.50000
-69.10140	22.91710	12.50000
-64.73890	22.91710	7.30000
-60.37630	22.91710	5.21000
-56.01380	22.91710	3.65000
-51.65130	22.91710	2.61000
-47.28880	22.91710	5.74000
-42.92620	22.91710	6.78000
-38.56370	22.91710	6.26000
-34.20120	22.91710	7.30000
-29.83860	22.91710	6.26000
-25.47610	22.91710	5.74000
-21.11360	22.91710	6.26000
-16.75110	22.91710	5.74000
-12.38850	22.91710	12.50000
-8.02601	22.91710	12.50000
-3.66348	22.91710	12.50000
0.69905	22.91710	12.50000
5.06157	22.91710	12.50000
9.42410	22.91710	12.50000
13.78660	22.91710	12.50000
18.14920	22.91710	7.82000
22.51170	22.91710	8.86000
26.87420	22.91710	7.82000
31.23670	22.91710	9.91000
35.59930	22.91710	5.21000
39.96180	22.91710	5.74000
44.32430	22.91710	5.21000
48.68690	22.91710	9.91000
53.04940	22.91710	12.50000
57.41190	22.91710	12.50000
61.77440	22.91710	12.50000
66.13700	22.91710	12.50000
-69.10140	27.13780	12.50000
-64.73890	27.13780	12.50000
-60.37630	27.13780	9.91000
-56.01380	27.13780	4.17000
-51.65130	27.13780	4.69000
-47.28880	27.13780	4.17000
-42.92620	27.13780	9.91000
-38.56370	27.13780	6.26000
-34.20120	27.13780	6.78000
-29.83860	27.13780	11.50000
-25.47610	27.13780	7.82000
-21.11360	27.13780	12.50000
-16.75110	27.13780	11.50000
-12.38850	27.13780	11.50000
-8.02601	27.13780	12.50000
-3.66348	27.13780	12.50000
0.69905	27.13780	12.50000
5.06157	27.13780	12.50000
9.42410	27.13780	12.50000
13.78660	27.13780	12.50000
18.14920	27.13780	12.50000
22.51170	27.13780	12.50000
26.87420	27.13780	9.91000
31.23670	27.13780	5.74000
35.59930	27.13780	5.74000
39.96180	27.13780	4.17000
44.32430	27.13780	5.21000
48.68690	27.13780	7.30000
53.04940	27.13780	11.50000
57.41190	27.13780	12.50000
61.77440	27.13780	12.50000
66.13700	27.13780	12.50000
-69.10140	31.35860	12.50000
-64.73890	31.35860	12.50000
-60.37630	31.35860	12.50000
-56.01380	31.35860	7.82000
-51.65130	31.35860	4.17000
-47.28880	31.35860	7.30000
-42.92620	31.35860	9.91000
-38.56370	31.35860	7.82000
-34.20120	31.35860	7.30000
-29.83860	31.35860	6.26000
-25.47610	31.35860	8.86000
-21.11360	31.35860	7.30000
-16.75110	31.35860	2.61000
-12.38850	31.35860	4.69000
-8.02601	31.35860	12.50000
-3.66348	31.35860	12.50000
0.69905	31.35860	12.50000
5.06157	31.35860	12.50000
9.42410	31.35860	12.50000
13.78660	31.35860	12.50000
18.14920	31.35860	12.50000
22.51170	31.35860	9.91000
26.87420	31.35860	5.21000
31.23670	31.35860	2.61000
35.59930	31.35860	1.56000
39.96180	31.35860	2.61000
44.32430	31.35860	4.69000
48.68690	31.35860	5.74000
53.04940	31.35860	6.26000
57.41190	31.35860	9.91000
61.77440	31.35860	12.50000
66.13700	31.35860	12.50000
-69.10140	35.57930	12.50000
-64.73890	35.57930	12.50000
-60.37630	35.57930	12.50000
-56.01380	35.57930	12.50000
-51.65130	35.57930	4.69000
-47.28880	35.57930	3.65000
-42.92620	35.57930	12.50000
-38.56370	35.57930	12.50000
-34.20120	35.57930	12.50000
-29.83860	35.57930	5.74000
-25.47610	35.57930	5.74000
-21.11360	35.57930	5.74000
-16.75110	35.57930	3.65000
-12.38850	35.57930	5.21000
-8.02601	35.57930	12.50000
-3.66348	35.57930	12.50000
0.69905	35.57930	12.50000
5.06157	35.57930	12.50000
9.42410	35.57930	12.50000
13.78660	35.57930	12.50000
18.14920	35.57930	12.50000
22.51170	35.57930	7.82000
26.87420	35.57930	12.50000
31.23670	35.57930	6.78000
35.59930	35.57930	4.69000
39.96180	35.57930	3.13000
44.32430	35.57930	6.78000
48.68690	35.57930	5.21000
53.04940	35.57930	7.30000
57.41190	35.57930	11.50000
61.77440	35.57930	12.50000
66.13700	35.57930	12.50000
-69.10140	39.80000	12.50000
-64.73890	39.80000	12.50000
-60.37630	39.80000	12.50000
-56.01380	39.80000	12.50000
-51.65130	39.80000	12.50000
-47.28880	39.80000	5.21000
-42.92620	39.80000	3.13000
-38.56370	39.80000	7.30000
-34.20120	39.80000	12.50000
-29.83860	39.80000	7.30000
-25.47610	39.80000	3.13000
-21.11360	39.80000	4.69000
-16.75110	39.80000	5.74000
-12.38850	39.80000	12.50000
-8.02601	39.80000	12.50000
-3.66348	39.80000	12.50000
0.69905	39.80000	12.50000
5.06157	39.80000	12.50000
9.42410	39.80000	12.50000
13.78660	39.80000	12.50000
18.14920	39.80000	7.82000
22.51170	39.80000	7.30000
26.87420	39.80000	6.78000
31.23670	39.80000	3.65000
35.59930	39.80000	4.17000
39.96180	39.80000	3.13000
44.32430	39.80000	7.30000
48.68690	39.80000	6.26000
53.04940	39.80000	9.91000
57.41190	39.80000	12.50000
61.77440	39.80000	12.50000
66.13700	39.80000	12.50000
-69.10140	44.02080	12.50000
-64.73890	44.02080	12.50000
-60.37630	44.02080	12.50000
-56.01380	44.02080	12.50000
-51.65130	44.02080	12.50000
-47.28880	44.02080	11.50000
-42.92620	44.02080	4.17000
-38.56370	44.02080	5.74000
-34.20120	44.02080	9.91000
-29.83860	44.02080	7.82000
-25.47610	44.02080	6.78000
-21.11360	44.02080	4.17000
-16.75110	44.02080	4.17000
-12.38850	44.02080	9.91000
-8.02601	44.02080	12.50000
-3.66348	44.02080	6.26000
0.69905	44.02080	11.50000
5.06157	44.02080	12.50000
9.42410	44.02080	12.50000
13.78660	44.02080	12.50000
18.14920	44.02080	12.50000
22.51170	44.02080	12.50000
26.87420	44.02080	4.17000
31.23670	44.02080	6.26000
35.59930	44.02080	12.50000
39.96180	44.02080	9.91000
44.32430	44.02080	5.74000
48.68690	44.02080	6.26000
53.04940	44.02080	8.86000
57.41190	44.02080	12.50000
61.77440	44.02080	12.50000
66.13700	44.02080	12.50000
-69.10140	48.24150	12.50000
-64.73890	48.24150	12.50000
-60.37630	48.24150	12.50000
-56.01380	48.24150	12.50000
-51.65130	48.24150	12.50000
-47.28880	48.24150	12.50000
-42.92620	48.24150	11.50000
-38.56370	48.24150	9.91000
-34.20120	48.24150	11.50000
-29.83860	48.24150	12.50000
-25.47610	48.24150	8.86000
-21.11360	48.24150	7.30000
-16.75110	48.24150	9.91000
-12.38850	48.24150	5.74000
-8.02601	48.24150	6.26000
-3.66348	48.24150	4.17000
0.69905	48.24150	8.86000
5.06157	48.24150	12.50000
9.42410	48.24150	12.50000
13.78660	48.24150	12.50000
18.14920	48.24150	12.50000
22.51170	48.24150	12.50000
26.87420	48.24150	12.50000
31.23670	48.24150	12.50000
35.59930	48.24150	12.50000
39.96180	48.24150	12.50000
44.32430	48.24150	7.82000
48.68690	48.24150	9.91000
53.04940	48.24150	4.17000
57.41190	48.24150	6.26000
61.77440	48.24150	9.91000
66.13700	48.24150	12.50000
-69.10140	52.46230	12.50000
-64.73890	52.46230	12.50000
-60.37630	52.46230	12.50000
-56.01380	52.46230	12.50000
-51.65130	52.46230	12.50000
-47.28880	52.46230	12.50000
-42.92620	52.46230	12.50000
-38.56370	52.46230	12.50000
-34.20120	52.46230	12.50000
-29.83860	52.46230	12.50000
-25.47610	52.46230	6.78000
-21.11360	52.46230	4.17000
-16.75110	52.46230	12.50000
-12.38850	52.46230	12.50000
-8.02601	52.46230	11.50000
-3.66348	52.46230	5.74000
0.69905	52.46230	12.50000
5.06157	52.46230	12.50000
9.42410	52.46230	12.50000
13.78660	52.46230	12.50000
18.14920	52.46230	12.50000
22.51170	52.46230	12.50000
26.87420	52.46230	12.50000
31.23670	52.46230	12.50000
35.59930	52.46230	12.50000
39.96180	52.46230	12.50000
44.32430	52.46230	12.50000
48.68690	52.46230	12.50000
53.04940	52.46230	8.86000
57.41190	52.46230	12.50000
61.77440	52.46230	8.86000
66.13700	52.46230	12.50000
-69.10140	56.68300	12.50000
-64.73890	56.68300	12.50000
-60.37630	56.68300	12.50000
-56.01380	56.68300	12.50000
-51.65130	56.68300	12.50000
-47.28880	56.68300	12.50000
-42.92620	56.68300	12.50000
-38.56370	56.68300	12.50000
-34.20120	56.68300	12.50000
-29.83860	56.68300	12.50000
-25.47610	56.68300	6.26000
-21.11360	56.68300	4.69000
-16.75110	56.68300	12.50000
-12.38850	56.68300	12.50000
-8.02601	56.68300	12.50000
-3.66348	56.68300	5.74000
0.69905	56.68300	12.50000
5.06157	56.68300	12.50000
9.42410	56.68300	12.50000
13.78660	56.68300	12.50000
18.14920	56.68300	12.50000
22.51170	56.68300	12.50000
26.87420	56.68300	12.50000
31.23670	56.68300	12.50000
35.59930	56.68300	12.50000
39.96180	56.68300	12.50000
44.32430	56.68300	12.50000
48.68690	56.68300	12.50000
53.04940	56.68300	12.50000
57.41190	56.68300	12.50000
61.77440	56.68300	12.50000
66.13700	56.68300	12.50000
-69.10140	60.90370	12.50000
-64.73890	60.90370	12.50000
-60.37630	60.90370	12.50000
-56.01380	60.90370	12.50000
-51.65130	60.90370	12.50000
-47.28880	60.90370	12.50000
-42.92620	60.90370	12.50000
-38.56370	60.90370	12.50000
-34.20120	60.90370	12.50000
-29.83860	60.90370	12.50000
-25.47610	60.90370	12.50000
-21.11360	60.90370	11.50000
-16.75110	60.90370	12.50000
-12.38850	60.90370	12.50000
-8.02601	60.90370	12.50000
-3.66348	60.90370	11.50000
0.69905	60.90370	12.50000
5.06157	60.90370	12.50000
9.42410	60.90370	12.50000
13.78660	60.90370	12.50000
18.14920	60.90370	12.50000
22.51170	60.90370	12.50000
26.87420	60.90370	12.50000
31.23670	60.90370	12.50000
35.59930	60.90370	12.50000
39.96180	60.90370	12.50000
44.32430	60.90370	12.50000
48.68690	60.90370	12.50000
53.04940	60.90370	12.50000
57.41190	60.90370	12.50000
61.77440	60.90370	12.50000
66.13700	60.90370	12.50000
