Run semi-empirical minimization
 &qmmm
    qm_theory='AM1', grms_tol=0.0005,
 scfconv=1.d-10, ndiis_attempts=700,   qmcharge=0,
 /
   6    C1       11.6360      -47.3040      -16.8390 
   7    N1        7.8480      -43.0380       -9.7590 
   8    O1        9.5060      -46.6640      -15.9110 
   6    C2       10.1940      -47.7670      -16.5500 
   7    N2        9.7700      -41.5390       -9.9880 
   8    O2        8.0740      -46.8680      -14.0310 
   6    C3       10.1110      -48.9240      -15.5270 
   7    N3        9.6570      -43.0530       -8.1200 
   8    O3        8.2660      -47.7130      -11.2960 
   6    C4       10.0690      -48.2040      -14.1680 
   7    N4        7.4290      -44.1120      -14.6190 
   8    O4        8.7610      -45.8020       -9.2920 
   6    C5        9.4440      -46.8370      -14.4740 
   7    N5        5.6690      -44.4480      -16.1990 
   8    O5        7.9610      -42.1980      -12.5460 
   6    C6        7.7570      -45.9680      -12.9400 
   7    N6        5.1500      -43.5000      -14.0670 
   8    O6       11.4110      -47.9550      -13.6720 
   6    C7        8.0440      -44.5000      -13.3260 
   7    N7       11.9660      -50.1900      -12.1340 
   8    O7       12.6630      -47.0170      -11.8660 
   6    C8        7.6610      -43.5470      -12.1760 
   8    O8       11.6010      -44.6120      -10.0480 
   6    C9        8.3480      -43.9240      -10.8380 
   8    O9       12.3950      -47.4910       -8.1810 
   6   C10        8.0890      -45.4130      -10.4940 
   8   O10       10.6490      -49.5960       -9.2340 
   6   C11        8.5110      -46.3460      -11.6480 
   8   O11        7.7290      -49.1450      -16.3140 
   6   C12        8.8720      -42.2360       -9.0540 
   8   O12       11.2410      -49.8020      -15.5980 
   6   C13        6.0060      -44.4640      -14.7720 
   6   C14       11.4440      -47.6970      -12.2500 
   6   C15       11.3040      -49.0360      -11.4830 
   6   C16       11.6670      -48.9370       -9.9890 
   6   C17       11.8640      -47.4840       -9.5110 
   6   C18       12.8360      -46.7200      -10.4460 
   6   C19       12.8990      -45.1970      -10.1840 
   6   C20       13.4370      -50.0960      -12.1240 
   6   C21        8.8520      -49.8100      -15.7240 
   1    H1        7.2880      -43.5690       -9.0960 
   1    H3        7.5850      -43.1230      -14.8030 
   1    H6        7.7970      -49.2090      -17.2860 
   1   H13        8.6690      -47.8740      -10.4230 
   1   H14        8.1110      -46.2260       -8.7080 
   1   H15       10.3830      -40.9030       -9.4820 
   1   H16        9.2300      -40.9820      -10.6460 
   1   H17       10.2820      -42.4590       -7.5780 
   1   H18        9.0400      -43.5220       -7.4600 
   1   H19        7.3780      -41.6210      -12.0260 
   1   H20        4.7160      -44.7780      -16.3350 
   1   H21        6.2800      -45.0930      -16.6980 
   1   H22        4.1710      -43.7450      -14.1980 
   1   H23        5.2820      -42.5700      -14.4600 
   1   H31       11.5700      -44.1020       -9.2070 
   1   H32       11.8270      -48.0580       -7.6280 
   1   H33       10.4120      -50.4040       -9.7310 
   1   H34       11.6390      -50.2640      -13.0960 
   1   H39       11.9550      -49.3810      -15.0870 

