Run semi-empirical minimization
 &qmmm
    qm_theory='AM1', grms_tol=0.0005,
 scfconv=1.d-10, ndiis_attempts=700,   qmcharge=0,
 /
   6    C1       -3.0710        3.7050       -2.0390 
   6    C2       -2.4950        3.4100       -0.6610 
   6    C3       -3.5280        2.8350        0.3110 
   6    C4       -4.0000        1.4710       -0.0570 
   7    N1       -5.2350        1.2770       -0.5600 
   7    N2       -5.3020       -0.0630       -0.7620 
   6    C5       -4.1630       -0.7130       -0.4060 
   6    C6       -3.3150        0.2500        0.0490 
   7    N3       -2.0240       -0.0130        0.5080 
   6    C7       -1.6890       -1.2750        0.4720 
   7    N4       -2.5330       -2.2850        0.0230 
   6    C8       -3.8090       -2.0830       -0.4530 
   8    O1       -4.5180       -2.9950       -0.8620 
   6    C9       -0.3160       -1.6890        0.9380 
   6   C10        0.2280       -2.9850        0.7730 
   6   C11        1.5330       -3.2400        1.2210 
   6   C12        2.2980       -2.2370        1.8220 
   6   C13        1.7620       -0.9610        1.9750 
   6   C14        0.4570       -0.6910        1.5600 
  16    S1        2.7140        0.3160        2.7710 
   8    O2        1.7830        1.1790        3.4660 
   8    O3        3.7950       -0.3370        3.4810 
   7    N5        3.3850        1.1800        1.4800 
   6   C15        4.4000        0.4750        0.6500 
   6   C16        5.1560        1.4870       -0.2360 
   7    N6        4.2400        2.2680       -1.0950 
   6   C17        3.2470        2.9640       -0.2460 
   6   C18        2.4520        1.9830        0.6390 
   6   C19        4.9890        3.2320       -1.9000 
   8    O4       -0.5610       -3.9280        0.1650 
   6   C20       -0.1200       -5.2840        0.0700 
   6   C21        0.6810       -5.5030       -1.2010 
   6   C22       -6.5030       -0.6500       -1.3050 
   1    H1       -2.3110        4.1790       -2.6700 
   1    H2       -3.9260        4.3850       -1.9700 
   1    H3       -3.3970        2.7900       -2.5420 
   1    H4       -1.6420        2.7280       -0.7640 
   1    H5       -2.1050        4.3450       -0.2410 
   1    H6       -4.3800        3.5210        0.3910 
   1    H7       -3.0790        2.7880        1.3110 
   1    H8       -2.2020       -3.2400       -0.0010 
   1    H9        2.0000       -4.2140        1.1130 
   1   H10        3.3040       -2.4620        2.1690 
   1   H11        0.0440        0.3040        1.7210 
   1   H12        3.9110       -0.2760        0.0200 
   1   H13        5.1290       -0.0300        1.2920 
   1   H14        5.7420        2.1580        0.4060 
   1   H15        5.8620        0.9320       -0.8640 
   1   H16        2.5360        3.5040       -0.8820 
   1   H17        3.7450        3.7030        0.3950 
   1   H18        1.7740        2.5630        1.2740 
   1   H19        1.8550        1.3200        0.0040 
   1   H20        5.5400        3.9510       -1.2830 
   1   H21        4.3120        3.7900       -2.5570 
   1   H22        5.7030        2.7150       -2.5490 
   1   H23       -1.0270       -5.8970        0.0140 
   1   H24        0.4090       -5.6190        0.9690 
   1   H25        0.9550       -6.5560       -1.3090 
   1   H26        0.0980       -5.2000       -2.0770 
   1   H27        1.5960       -4.9020       -1.2080 
   1   H28       -6.8910       -1.3730       -0.5830 
   1   H29       -7.2450        0.1330       -1.4790 
   1   H30       -6.2520       -1.1400       -2.2490 

