Run semi-empirical minimization
 &qmmm
    qm_theory='AM1', grms_tol=0.0005,
 scfconv=1.d-10, ndiis_attempts=700,   qmcharge=0,
 /
   1   H01        7.0150        6.9520       -7.5000 
   1   H02        8.3340        5.8690       -6.9950 
   1   H03        7.7270        7.1150       -5.8770 
   1   H04        7.0310        7.6170       -9.3710 
   1   H05        9.4720        6.8400       -4.9600 
   1   H06       12.8760       10.0410       -6.6110 
   1   H07        6.9470        8.7600      -11.5500 
   1   H08       11.4380        7.3910       -3.5610 
   1   H09        8.6460       10.3010      -12.2730 
   1   H10       13.1450        8.9940       -4.3810 
   8     O       10.7370       10.8960      -10.7870 
   7     N        8.9150        7.8300       -7.4470 
   7    N1       10.9540        9.6770       -8.3030 
   6     C        8.8180        8.4540       -8.7000 
   6    C1       10.0330        8.1220       -6.6080 
   6    C2        9.9370        9.4090       -9.0650 
   6    C3       11.0200        9.0350       -7.0570 
   6    C4        7.9360        6.8810       -6.9210 
   6    C5        7.8440        8.3000       -9.6150 
   6    C6       10.2140        7.5450       -5.3350 
   6    C7        9.8730       10.1120      -10.4200 
   6    C8       12.1260        9.3370       -6.2510 
   6    C9        7.7900        8.9650      -10.8900 
   6   C10       11.3240        7.8550       -4.5410 
   6   C11        8.7270        9.8210      -11.2980 
   6   C12       12.2800        8.7510       -4.9980 

