Run semi-empirical minimization
 &qmmm
    qm_theory='AM1', grms_tol=0.0005,
 scfconv=1.d-10, ndiis_attempts=700,   qmcharge=0,
 /
   6    C1       16.0690       21.8860      -10.9020 
   7    N1       14.9690       18.8400      -12.9260 
   8    O1       12.7570       19.3250      -13.7570 
  16    S1       16.9900       20.5390      -13.1510 
   6    C2       15.5870       21.0730      -12.1320 
   7    N2       14.3950       19.6330      -15.7490 
   8    O2       12.3970       19.4200      -17.0290 
   6    C3       14.8290       19.7630      -11.7620 
   8    O3       14.6300       19.4160       -9.3310 
   6    C4       16.0350       19.1630      -13.8760 
   8    O4       15.3170       17.6270      -10.6310 
   6    C5       15.0440       18.6130      -14.8720 
   6    C6       13.8420       18.4070      -13.8390 
   6    C7       13.8200       19.3090      -17.0650 
   6    C8       14.4440       20.2110      -18.1580 
   6    C9       14.2760       21.7410      -17.9210 
   6   C10       15.4240       22.5270      -18.5990 
   6   C11       15.3790       24.0280      -18.2160 
   6   C12       13.9390       24.5540      -17.9920 
   6   C13       12.9160       23.7570      -18.8260 
   6   C14       12.8940       22.2630      -18.4130 
   6   C15       15.3850       19.0490      -10.4930 
   6   C16       14.6560       22.0050      -12.9460 
   1   H01       16.5130       22.8320      -11.2210 
   1   H02       15.2350       22.1140      -10.2330 
   1   H03       16.8340       21.3530      -10.3360 
   1   H04       12.6260       19.6680      -14.6570 
   1   H05       13.9580       20.4210      -15.2780 
   1   H06       12.1360       20.3430      -17.2060 
   1   H07       13.7730       19.9810      -11.5830 
   1   H08       14.1710       20.2650       -9.4810 
   1   H09       16.6930       18.2940      -14.0260 
   1   H10       15.5570       17.4300      -11.5620 
   1   H11       15.3920       17.7090      -15.3890 
   1   H12       12.9610       17.8720      -14.2070 
   1   H13       14.0490       18.2570      -17.2920 
   1   H14       14.0470       19.9330      -19.1380 
   1   H15       15.5100       19.9710      -18.1900 
   1   H16       14.3570       21.9500      -16.8520 
   1   H17       15.3460       22.4200      -19.6840 
   1   H18       16.3950       22.1190      -18.3050 
   1   H19       15.8660       24.6060      -19.0060 
   1   H20       15.9550       24.1900      -17.3020 
   1   H21       13.8910       25.6150      -18.2490 
   1   H22       13.6780       24.4660      -16.9340 
   1   H23       13.1810       23.8390      -19.8840 
   1   H24       11.9190       24.1860      -18.7110 
   1   H25       12.1610       22.1250      -17.6140 
   1   H26       12.5440       21.6810      -19.2690 
   1   H27       16.4430       19.2920      -10.3200 
   1   H28       13.7830       22.2940      -12.3560 
   1   H29       15.1840       22.9150      -13.2400 
   1   H30       14.3020       21.5280      -13.8570 

