Run semi-empirical minimization
 &qmmm
    qm_theory='AM1', grms_tol=0.0005,
 scfconv=1.d-10, ndiis_attempts=700,   qmcharge=0,
 /
   6    C1        7.7390      -35.8160       -8.2690 
   7    N1        9.5700      -28.9430       -1.8260 
   8    O1        8.6000      -34.1510       -6.7370 
   6    C2        8.9940      -35.0540       -7.7990 
   7    N2       11.2490      -27.1820       -1.9900 
   8    O2        9.6550      -32.0440       -6.6050 
   6    C3        9.6050      -34.1300       -8.8700 
   7    N3       11.7010      -29.1200       -0.6440 
   8    O3        9.9020      -33.3060       -4.0730 
   6    C4        8.8160      -32.8240       -8.7040 
   7    N4        8.8620      -29.3250       -6.7680 
   8    O4       10.5980      -31.6870       -1.8950 
   6    C5        8.5640      -32.7730       -7.1930 
   7    N5        8.9680      -27.6480       -8.4740 
   8    O5        9.5100      -27.7010       -4.4510 
   6    C6        9.2710      -31.3630       -5.3990 
   7    N6       10.7200      -29.2650       -8.2940 
   8    O6        7.5220      -32.9690       -9.3260 
   6    C7        9.5530      -29.8610       -5.5770 
   7    N7        7.0930      -33.4920      -11.9940 
   8    O7        5.7050      -31.6370       -9.9210 
   6    C8        9.1970      -29.0840       -4.2900 
   8    O8        6.1730      -28.2710       -9.5400 
   6    C9        9.9730      -29.6420       -3.0710 
   8    O9        4.9700      -29.2880      -12.5650 
   6   C10        9.7780      -31.1700       -2.9370 
   8   O10        7.3150      -30.6710      -13.6270 
   6   C11       10.1220      -31.9050       -4.2400 
   8   O11       11.6660      -32.7880       -9.1230 
   6   C12       10.6530      -28.2130       -1.1290 
   8   O12        9.4830      -34.6430      -10.1970 
   6   C13        9.7580      -28.4500       -7.5380 
   6   C14        7.1170      -31.8400      -10.1130 
   6   C15        7.3790      -32.0900      -11.6230 
   6   C16        6.5400      -31.1370      -12.5150 
   6   C17        5.9250      -29.9490      -11.7430 
   6   C18        5.2140      -30.3780      -10.4300 
   6   C19        5.2370      -29.3230       -9.2990 
   6   C20        7.6280      -33.8550      -13.3150 
   6   C21       11.1050      -33.9630       -8.5380 
   1    H1        9.1110      -29.5940       -1.1920 
   1    H3        8.5560      -30.0950       -7.3580 
   1    H6       11.9250      -32.2070       -8.3850 
   1   H13       10.3730      -33.7520       -4.7960 
   1   H14       10.1510      -31.4650       -1.0700 
   1   H15       11.9550      -26.6610       -1.4730 
   1   H16       10.5340      -26.5140       -2.2730 
   1   H17       12.4040      -28.5990       -0.1230 
   1   H18       11.3060      -29.8080       -0.0060 
   1   H19       10.4050      -27.5810       -4.0850 
   1   H20        9.5790      -27.0250       -8.9990 
   1   H21        8.3230      -27.0540       -7.9530 
   1   H22       11.3570      -28.6630       -8.8130 
   1   H23       10.2340      -29.8440       -8.9750 
   1   H31        6.9540      -28.4060       -8.9690 
   1   H32        4.3530      -28.8570      -11.9480 
   1   H33        6.7280      -30.1730      -14.2290 
   1   H34        6.0930      -33.6710      -11.9420 
   1   H39        9.7050      -35.5810      -10.1550 

