Run semi-empirical minimization
 &qmmm
    qm_theory='AM1', grms_tol=0.0005,
 scfconv=1.d-10, ndiis_attempts=700,   qmcharge=0,
 /
   8     O        6.5910        2.9020       12.1790 
  15     P        5.4050        1.9870       12.7980 
   8    O1        5.2500        0.6430       12.1480 
   8    O2        5.7030        1.9400       14.3880 
   6     C        4.6410        1.7300       15.3040 
   6    C1        4.8160        0.3650       15.9500 
   7     N        5.1420        0.5030       17.3620 
   1     H        5.0530        1.4790       17.6410 
   1    H1        4.4650       -0.0170       17.9180 
   8    O3        4.1030        2.9400       12.6650 
   1    H2        3.2130        2.5300       12.6880 
   6    C2        6.2440        4.1360       11.5730 
   6    C3        6.6590        5.2910       12.4760 
   8    O4        5.8840        6.4420       12.1340 
   6    C4        5.2330        7.0420       13.1720 
   8    O5        5.6940        7.8930       13.9210 
   6    C5        3.8390        6.5020       13.2710 
   6    C6        8.1300        5.6420       12.2920 
   8    O6        8.8910        4.9850       13.2990 
   6    C7       10.1890        4.7030       12.9740 
   8    O7       10.9520        5.4330       12.3570 
   6    C8       10.5570        3.3450       13.4900 
   1    H3        3.7060        1.7650       14.7850 
   1    H4        4.6520        2.4920       16.0550 
   1    H5        5.6080       -0.1590       15.4560 
   1    H6        3.8990       -0.1790       15.8600 
   1    H7        5.1860        4.1700       11.4170 
   1    H8        6.7500        4.2230       10.6340 
   1    H9        6.4980        4.9950       13.4920 
   1   H10        3.6840        5.7720       12.5040 
   1   H11        3.1380        7.3010       13.1510 
   1   H12        3.7000        6.0470       14.2290 
   1   H13        8.2600        6.7010       12.3770 
   1   H14        8.4600        5.3250       11.3250 
   1   H15        9.7160        2.9140       13.9920 
   1   H16       11.3750        3.4330       14.1750 
   1   H17       10.8430        2.7180       12.6720 

