Run semi-empirical minimization
 &qmmm
    qm_theory='AM1', grms_tol=0.0005,
 scfconv=1.d-10, ndiis_attempts=700,   qmcharge=0,
 /
   6     C        7.3350        3.4050       12.7780 
   6    C1        7.4250        4.7770       12.0780 
   6    C2        6.0560        5.4550       11.9170 
   8     O        5.3750        5.5480       13.1640 
   6    C3        4.5290        6.6120       13.4850 
   6    C4        3.0960        6.5500       13.0820 
   8    O1        4.9660        7.6160       14.1110 
   8    O2        8.3800        5.6500       12.6980 
   6    C5        9.6080        6.0560       12.1550 
   8    O3        9.7080        7.1090       11.4690 
   6    C6       10.8320        5.2580       12.4490 
   8    O4        6.5120        2.5270       12.0390 
  15     P        5.2540        1.9190       13.0260 
   8    O5        4.8510        0.5280       12.5900 
   8    O6        3.9120        2.9410       12.8930 
   1     H        4.1510        3.7390       13.4270 
   8    O7        5.7310        1.8590       14.6680 
   6    C7        4.6580        1.4220       15.4770 
   6    C8        5.0470        0.2180       16.3460 
   7     N        4.0610       -0.8480       16.1980 
   1    H1        3.2270       -0.6040       16.7810 
   1    H2        4.4680       -1.7170       16.6130 
   1    H3        8.3160        2.9850       12.8580 
   1    H4        6.9120        3.5400       13.7520 
   1    H5        7.7840        4.5740       11.0910 
   1    H6        6.1990        6.4400       11.5240 
   1    H7        5.4630        4.8640       11.2510 
   1    H8        5.3360        7.2300       13.8190 
   1    H9        2.8410        5.5430       12.8270 
   1   H10        2.4820        6.8780       13.8950 
   1   H11        2.9360        7.1840       12.2350 
   1   H12        4.2380        8.0910       14.4950 
   1   H13        9.0540        5.8270       11.2680 
   1   H14       10.2260        7.7480       11.9440 
   1   H15       11.2720        5.6030       13.3610 
   1   H16       10.5690        4.2250       12.5480 
   1   H17       11.5330        5.3730       11.6490 
   1   H18        6.3230        1.5870       13.9160 
   1   H19        4.1280        0.5850       11.9770 
   1   H20        4.3570        2.2260       16.1160 
   1   H21        3.8590        1.1200       14.8320 
   1   H22        6.0070       -0.1430       16.0410 
   1   H23        5.0810        0.5230       17.3710 

