Run semi-empirical minimization
 &qmmm
    qm_theory='AM1', grms_tol=0.0005,
 scfconv=1.d-10, ndiis_attempts=700,   qmcharge=0,
 /
   1   H01       -0.5670       -4.5130        7.9940 
   1   H02        1.0300       -5.2260        7.6650 
   1   H03        0.1400       -5.6780        9.1390 
   1   H04       -1.1390       -4.4540       10.6700 
   1   H05        2.2200       -4.4950        6.8340 
   1   H06        4.5000       -0.7640        9.1670 
   1   H07       -1.8800       -3.4670       12.8000 
   1   H08        4.2620       -3.4870        5.8620 
   1   H09       -0.7130       -1.6540       13.8670 
   1   H10        5.4050       -1.6150        7.0230 
   8     O        1.4600       -0.5760       12.8380 
   7     N        0.9980       -3.7670        9.1680 
   7    N1        2.4040       -1.5950       10.4350 
   6     C        0.5320       -3.2410       10.3820 
   6    C1        2.1720       -3.2130        8.5720 
   6    C2        1.3350       -2.1010       10.9730 
   6    C3        2.8420       -2.1440        9.2190 
   6    C4        0.3600       -4.8660        8.4460 
   6    C5       -0.5480       -3.6350       11.0800 
   6    C6        2.7120       -3.6750        7.3570 
   6    C7        0.8650       -1.4970       12.2960 
   6    C8        3.9960       -1.5840        8.6560 
   6    C9       -0.9860       -3.0620       12.3250 
   6   C10        3.8660       -3.1070        6.8040 
   6   C11       -0.3450       -2.0570       12.9230 
   6   C12        4.5080       -2.0600        7.4530 

