Run semi-empirical minimization
 &qmmm
    qm_theory='AM1', grms_tol=0.0005,
 scfconv=1.d-10, ndiis_attempts=700,   qmcharge=0,
 /
   6    C1      -32.4460       -0.8500       49.4660 
   7    N1      -31.3730       -2.7240       48.2340 
   8    O1      -27.9770       -4.8820       46.8880 
   6    C2      -32.6080       -2.2710       48.9040 
   7    N2      -32.6600       -3.4530       46.2950 
   8    O2      -27.7700       -5.0950       49.9800 
   6    C3      -30.3620       -3.0910       49.2480 
   8    O3      -26.7070       -3.1260       49.3740 
   6    C4      -29.0130       -3.4540       48.6040 
   6    C5      -29.1920       -4.6230       47.6010 
   6    C6      -30.3350       -4.3480       46.6000 
   6    C7      -31.6280       -3.8410       47.2910 
   6    C8      -32.6380       -4.2290       45.0320 
   6    C9      -32.0760       -5.6510       45.2150 
   6   C10      -30.6300       -5.6100       45.7550 
   6   C11      -34.0280       -4.2510       44.3830 
   6   C12      -27.9630       -3.7080       49.7150 
   1    H4      -27.7630       -4.0980       46.3500 
   1    H7      -32.5900       -2.4600       46.0820 
   1   H12      -27.5110       -5.5100       49.1330 
   1    H2      -26.0990       -3.2790       50.1220 

