Run semi-empirical minimization
 &qmmm
    qm_theory='AM1', grms_tol=0.0005,
 scfconv=1.d-10, ndiis_attempts=700,   qmcharge=0,
 /
   6    C5       26.2240      -24.6720        4.0920 
   6    C4       26.0700      -23.8440        5.3850 
   6    C3       24.6330      -23.8480        5.9270 
   8    O2       23.9050      -24.9780        5.4560 
   6    C2       23.8340      -26.1800        6.1640 
   6    C1       22.5540      -26.5570        6.8300 
   8    O1       24.8340      -26.9430        6.2420 
   8    O7       27.0200      -24.2150        6.3930 
   6    C8       27.5100      -23.3910        7.4160 
   8    O8       26.9840      -23.3810        8.5620 
   6    C9       28.7170      -22.5550        7.1600 
   8    O3       26.3750      -23.8210        2.9750 
  15    P1       25.2420      -24.2280        1.7600 
   8    O4       24.8630      -23.0110        0.9460 
   8    O5       23.8490      -24.8450        2.4960 
   1    H9       23.5400      -25.5610        1.8860 
   8    O6       25.8700      -25.4180        0.7020 
   6    C6       24.8730      -25.8500       -0.2010 
   6    C7       25.2300      -25.5140       -1.6560 
   7    N1       24.8890      -24.1260       -1.9490 
   1   H14       23.9440      -23.9300       -1.5440 
   1   H15       24.7920      -24.0350       -2.9860 
   1     H       25.3530      -25.2790        3.9570 
   1    H2       27.0940      -25.2890        4.1770 
   1    H3       26.2890      -22.8340        5.1090 
   1    H4       24.1370      -22.9560        5.6060 
   1    H5       24.6750      -23.8950        6.9950 
   1    H6       21.8240      -25.7940        6.6570 
   1    H7       22.7170      -26.6620        7.8820 
   1    H8       22.2030      -27.4850        6.4290 
   1   H10       29.0300      -22.6820        6.1450 
   1   H11       29.5060      -22.8570        7.8170 
   1   H12       28.4820      -21.5260        7.3350 
   1   H13       23.9500      -25.3700        0.0480 
   1   H16       24.7910      -26.9140       -0.1180 
   1   H17       24.6840      -26.1590       -2.3120 
   1   H18       26.2810      -25.6540       -1.8000 

