Run semi-empirical minimization
 &qmmm
    qm_theory='AM1', grms_tol=0.0005,
 scfconv=1.d-10, ndiis_attempts=700,   qmcharge=0,
 /
   6    C1      -25.1680        0.5960       47.9320 
   7    N1      -24.0720        2.1580       46.2920 
   8    O1      -25.4490        5.5520       44.1240 
   6    C2      -23.9050        0.9450       47.1250 
   7    N2      -23.2870        3.5900       48.1050 
   8    O2      -25.6720        3.5380       41.9110 
   6    C3      -25.0840        1.9330       45.2370 
   8    O3      -26.2080        1.4910       42.7070 
   6    C4      -25.1340        3.1100       44.2420 
   6    C5      -25.4720        4.4160       45.0010 
   6    C6      -24.5080        4.6470       46.1860 
   6    C7      -24.3400        3.3890       47.0770 
   6    C8      -23.1370        4.9840       48.5860 
   6    C9      -24.4470        5.7910       48.4950 
   6   C10      -24.9630        5.8530       47.0410 
   6   C11      -22.5560        5.0110       50.0050 
   6   C12      -26.1230        2.8590       43.0760 
   1    H4      -24.6060        6.0260       44.2420 
   1    H7      -22.3900        3.2520       47.7640 
   1   H12      -25.3120        4.3890       42.2090 
   1    H2      -26.4610        1.5030       41.7670 

