-85.21890	-82.92200	13.80000
-80.43040	-82.92200	13.80000
-75.64190	-82.92200	13.80000
-70.85340	-82.92200	13.80000
-66.06490	-82.92200	13.80000
-61.27640	-82.92200	13.80000
-56.48790	-82.92200	13.80000
-51.69940	-82.92200	13.80000
-46.91090	-82.92200	8.62000
-42.12240	-82.92200	9.19000
-37.33400	-82.92200	13.80000
-32.54550	-82.92200	13.80000
-27.75700	-82.92200	13.80000
-22.96850	-82.92200	13.80000
-18.18000	-82.92200	13.80000
-13.39150	-82.92200	13.80000
-8.60298	-82.92200	13.80000
-3.81448	-82.92200	13.80000
0.97402	-82.92200	13.80000
5.76251	-82.92200	13.80000
10.55100	-82.92200	13.80000
15.33950	-82.92200	13.80000
20.12800	-82.92200	13.80000
24.91650	-82.92200	13.80000
29.70500	-82.92200	13.80000
34.49350	-82.92200	13.80000
39.28200	-82.92200	13.80000
44.07050	-82.92200	13.80000
48.85900	-82.92200	13.80000
53.64750	-82.92200	13.80000
58.43600	-82.92200	13.80000
63.22450	-82.92200	13.80000
-85.21890	-78.15030	13.80000
-80.43040	-78.15030	13.80000
-75.64190	-78.15030	13.80000
-70.85340	-78.15030	13.80000
-66.06490	-78.15030	13.80000
-61.27640	-78.15030	13.80000
-56.48790	-78.15030	13.80000
-51.69940	-78.15030	10.90000
-46.91090	-78.15030	6.89000
-42.12240	-78.15030	6.89000
-37.33400	-78.15030	10.30000
-32.54550	-78.15030	10.30000
-27.75700	-78.15030	12.60000
-22.96850	-78.15030	13.80000
-18.18000	-78.15030	10.90000
-13.39150	-78.15030	10.90000
-8.60298	-78.15030	8.62000
-3.81448	-78.15030	10.30000
0.97402	-78.15030	13.80000
5.76251	-78.15030	13.80000
10.55100	-78.15030	13.80000
15.33950	-78.15030	13.80000
20.12800	-78.15030	13.80000
24.91650	-78.15030	13.80000
29.70500	-78.15030	13.80000
34.49350	-78.15030	13.80000
39.28200	-78.15030	13.80000
44.07050	-78.15030	13.80000
48.85900	-78.15030	13.80000
53.64750	-78.15030	13.80000
58.43600	-78.15030	13.80000
63.22450	-78.15030	13.80000
-85.21890	-73.37860	13.80000
-80.43040	-73.37860	13.80000
-75.64190	-73.37860	13.80000
-70.85340	-73.37860	13.80000
-66.06490	-73.37860	13.80000
-61.27640	-73.37860	13.80000
-56.48790	-73.37860	13.80000
-51.69940	-73.37860	6.89000
-46.91090	-73.37860	5.75000
-42.12240	-73.37860	12.60000
-37.33400	-73.37860	10.30000
-32.54550	-73.37860	8.62000
-27.75700	-73.37860	8.62000
-22.96850	-73.37860	7.47000
-18.18000	-73.37860	8.04000
-13.39150	-73.37860	7.47000
-8.60298	-73.37860	9.19000
-3.81448	-73.37860	8.62000
0.97402	-73.37860	10.30000
5.76251	-73.37860	10.30000
10.55100	-73.37860	10.90000
15.33950	-73.37860	13.80000
20.12800	-73.37860	13.80000
24.91650	-73.37860	13.80000
29.70500	-73.37860	13.80000
34.49350	-73.37860	13.80000
39.28200	-73.37860	13.80000
44.07050	-73.37860	13.80000
48.85900	-73.37860	13.80000
53.64750	-73.37860	13.80000
58.43600	-73.37860	13.80000
63.22450	-73.37860	13.80000
-85.21890	-68.60700	13.80000
-80.43040	-68.60700	13.80000
-75.64190	-68.60700	13.80000
-70.85340	-68.60700	13.80000
-66.06490	-68.60700	13.80000
-61.27640	-68.60700	10.90000
-56.48790	-68.60700	5.75000
-51.69940	-68.60700	6.89000
-46.91090	-68.60700	13.80000
-42.12240	-68.60700	10.30000
-37.33400	-68.60700	8.62000
-32.54550	-68.60700	9.19000
-27.75700	-68.60700	9.19000
-22.96850	-68.60700	10.30000
-18.18000	-68.60700	12.60000
-13.39150	-68.60700	6.89000
-8.60298	-68.60700	6.89000
-3.81448	-68.60700	6.89000
0.97402	-68.60700	12.60000
5.76251	-68.60700	10.90000
10.55100	-68.60700	10.90000
15.33950	-68.60700	9.19000
20.12800	-68.60700	13.80000
24.91650	-68.60700	13.80000
29.70500	-68.60700	13.80000
34.49350	-68.60700	13.80000
39.28200	-68.60700	13.80000
44.07050	-68.60700	13.80000
48.85900	-68.60700	13.80000
53.64750	-68.60700	13.80000
58.43600	-68.60700	13.80000
63.22450	-68.60700	13.80000
-85.21890	-63.83530	13.80000
-80.43040	-63.83530	13.80000
-75.64190	-63.83530	13.80000
-70.85340	-63.83530	13.80000
-66.06490	-63.83530	10.30000
-61.27640	-63.83530	8.62000
-56.48790	-63.83530	8.62000
-51.69940	-63.83530	8.62000
-46.91090	-63.83530	12.60000
-42.12240	-63.83530	12.60000
-37.33400	-63.83530	13.80000
-32.54550	-63.83530	13.80000
-27.75700	-63.83530	13.80000
-22.96850	-63.83530	13.80000
-18.18000	-63.83530	13.80000
-13.39150	-63.83530	13.80000
-8.60298	-63.83530	10.90000
-3.81448	-63.83530	5.75000
0.97402	-63.83530	6.89000
5.76251	-63.83530	10.30000
10.55100	-63.83530	13.80000
15.33950	-63.83530	12.60000
20.12800	-63.83530	10.90000
24.91650	-63.83530	13.80000
29.70500	-63.83530	13.80000
34.49350	-63.83530	13.80000
39.28200	-63.83530	13.80000
44.07050	-63.83530	13.80000
48.85900	-63.83530	13.80000
53.64750	-63.83530	13.80000
58.43600	-63.83530	13.80000
63.22450	-63.83530	13.80000
-85.21890	-59.06360	13.80000
-80.43040	-59.06360	13.80000
-75.64190	-59.06360	13.80000
-70.85340	-59.06360	13.80000
-66.06490	-59.06360	8.04000
-61.27640	-59.06360	8.62000
-56.48790	-59.06360	10.90000
-51.69940	-59.06360	12.60000
-46.91090	-59.06360	13.80000
-42.12240	-59.06360	13.80000
-37.33400	-59.06360	13.80000
-32.54550	-59.06360	13.80000
-27.75700	-59.06360	13.80000
-22.96850	-59.06360	13.80000
-18.18000	-59.06360	13.80000
-13.39150	-59.06360	13.80000
-8.60298	-59.06360	10.90000
-3.81448	-59.06360	10.30000
0.97402	-59.06360	8.04000
5.76251	-59.06360	7.47000
10.55100	-59.06360	8.62000
15.33950	-59.06360	10.90000
20.12800	-59.06360	10.90000
24.91650	-59.06360	10.30000
29.70500	-59.06360	13.80000
34.49350	-59.06360	13.80000
39.28200	-59.06360	13.80000
44.07050	-59.06360	13.80000
48.85900	-59.06360	13.80000
53.64750	-59.06360	13.80000
58.43600	-59.06360	13.80000
63.22450	-59.06360	13.80000
-85.21890	-54.29190	13.80000
-80.43040	-54.29190	13.80000
-75.64190	-54.29190	13.80000
-70.85340	-54.29190	12.60000
-66.06490	-54.29190	8.62000
-61.27640	-54.29190	6.89000
-56.48790	-54.29190	13.80000
-51.69940	-54.29190	13.80000
-46.91090	-54.29190	13.80000
-42.12240	-54.29190	13.80000
-37.33400	-54.29190	13.80000
-32.54550	-54.29190	13.80000
-27.75700	-54.29190	13.80000
-22.96850	-54.29190	13.80000
-18.18000	-54.29190	13.80000
-13.39150	-54.29190	13.80000
-8.60298	-54.29190	13.80000
-3.81448	-54.29190	13.80000
0.97402	-54.29190	10.90000
5.76251	-54.29190	6.89000
10.55100	-54.29190	9.19000
15.33950	-54.29190	7.47000
20.12800	-54.29190	6.32000
24.91650	-54.29190	8.62000
29.70500	-54.29190	12.60000
34.49350	-54.29190	13.80000
39.28200	-54.29190	13.80000
44.07050	-54.29190	13.80000
48.85900	-54.29190	13.80000
53.64750	-54.29190	12.60000
58.43600	-54.29190	12.60000
63.22450	-54.29190	13.80000
-85.21890	-49.52030	13.80000
-80.43040	-49.52030	13.80000
-75.64190	-49.52030	13.80000
-70.85340	-49.52030	10.30000
-66.06490	-49.52030	6.32000
-61.27640	-49.52030	7.47000
-56.48790	-49.52030	12.60000
-51.69940	-49.52030	13.80000
-46.91090	-49.52030	13.80000
-42.12240	-49.52030	13.80000
-37.33400	-49.52030	13.80000
-32.54550	-49.52030	13.80000
-27.75700	-49.52030	13.80000
-22.96850	-49.52030	13.80000
-18.18000	-49.52030	13.80000
-13.39150	-49.52030	13.80000
-8.60298	-49.52030	13.80000
-3.81448	-49.52030	13.80000
0.97402	-49.52030	13.80000
5.76251	-49.52030	12.60000
10.55100	-49.52030	10.30000
15.33950	-49.52030	6.89000
20.12800	-49.52030	8.62000
24.91650	-49.52030	6.32000
29.70500	-49.52030	7.47000
34.49350	-49.52030	10.30000
39.28200	-49.52030	12.60000
44.07050	-49.52030	8.62000
48.85900	-49.52030	13.80000
53.64750	-49.52030	13.80000
58.43600	-49.52030	9.19000
63.22450	-49.52030	13.80000
-85.21890	-44.74860	13.80000
-80.43040	-44.74860	13.80000
-75.64190	-44.74860	12.60000
-70.85340	-44.74860	12.60000
-66.06490	-44.74860	4.02000
-61.27640	-44.74860	6.89000
-56.48790	-44.74860	13.80000
-51.69940	-44.74860	13.80000
-46.91090	-44.74860	13.80000
-42.12240	-44.74860	13.80000
-37.33400	-44.74860	13.80000
-32.54550	-44.74860	13.80000
-27.75700	-44.74860	13.80000
-22.96850	-44.74860	13.80000
-18.18000	-44.74860	13.80000
-13.39150	-44.74860	13.80000
-8.60298	-44.74860	13.80000
-3.81448	-44.74860	13.80000
0.97402	-44.74860	13.80000
5.76251	-44.74860	12.60000
10.55100	-44.74860	10.90000
15.33950	-44.74860	10.90000
20.12800	-44.74860	5.75000
24.91650	-44.74860	7.47000
29.70500	-44.74860	6.89000
34.49350	-44.74860	9.19000
39.28200	-44.74860	12.60000
44.07050	-44.74860	7.47000
48.85900	-44.74860	8.04000
53.64750	-44.74860	10.30000
58.43600	-44.74860	8.62000
63.22450	-44.74860	7.47000
-85.21890	-39.97690	13.80000
-80.43040	-39.97690	13.80000
-75.64190	-39.97690	10.30000
-70.85340	-39.97690	9.19000
-66.06490	-39.97690	4.02000
-61.27640	-39.97690	7.47000
-56.48790	-39.97690	13.80000
-51.69940	-39.97690	10.90000
-46.91090	-39.97690	12.60000
-42.12240	-39.97690	13.80000
-37.33400	-39.97690	13.80000
-32.54550	-39.97690	13.80000
-27.75700	-39.97690	7.47000
-22.96850	-39.97690	6.32000
-18.18000	-39.97690	10.90000
-13.39150	-39.97690	12.60000
-8.60298	-39.97690	13.80000
-3.81448	-39.97690	13.80000
0.97402	-39.97690	13.80000
5.76251	-39.97690	13.80000
10.55100	-39.97690	12.60000
15.33950	-39.97690	12.60000
20.12800	-39.97690	7.47000
24.91650	-39.97690	6.89000
29.70500	-39.97690	5.75000
34.49350	-39.97690	6.32000
39.28200	-39.97690	10.90000
44.07050	-39.97690	10.90000
48.85900	-39.97690	8.62000
53.64750	-39.97690	7.47000
58.43600	-39.97690	6.89000
63.22450	-39.97690	7.47000
-85.21890	-35.20520	13.80000
-80.43040	-35.20520	8.62000
-75.64190	-35.20520	10.30000
-70.85340	-35.20520	7.47000
-66.06490	-35.20520	8.04000
-61.27640	-35.20520	8.04000
-56.48790	-35.20520	8.62000
-51.69940	-35.20520	8.04000
-46.91090	-35.20520	8.62000
-42.12240	-35.20520	10.30000
-37.33400	-35.20520	13.80000
-32.54550	-35.20520	8.62000
-27.75700	-35.20520	8.04000
-22.96850	-35.20520	4.60000
-18.18000	-35.20520	6.32000
-13.39150	-35.20520	8.04000
-8.60298	-35.20520	8.04000
-3.81448	-35.20520	13.80000
0.97402	-35.20520	13.80000
5.76251	-35.20520	13.80000
10.55100	-35.20520	13.80000
15.33950	-35.20520	12.60000
20.12800	-35.20520	12.60000
24.91650	-35.20520	10.30000
29.70500	-35.20520	8.62000
34.49350	-35.20520	7.47000
39.28200	-35.20520	7.47000
44.07050	-35.20520	13.80000
48.85900	-35.20520	7.47000
53.64750	-35.20520	8.62000
58.43600	-35.20520	8.62000
63.22450	-35.20520	8.04000
-85.21890	-30.43350	12.60000
-80.43040	-30.43350	6.32000
-75.64190	-30.43350	12.60000
-70.85340	-30.43350	5.75000
-66.06490	-30.43350	5.75000
-61.27640	-30.43350	4.60000
-56.48790	-30.43350	10.30000
-51.69940	-30.43350	13.80000
-46.91090	-30.43350	12.60000
-42.12240	-30.43350	8.62000
-37.33400	-30.43350	13.80000
-32.54550	-30.43350	9.19000
-27.75700	-30.43350	13.80000
-22.96850	-30.43350	8.62000
-18.18000	-30.43350	6.89000
-13.39150	-30.43350	7.47000
-8.60298	-30.43350	5.75000
-3.81448	-30.43350	13.80000
0.97402	-30.43350	13.80000
5.76251	-30.43350	13.80000
10.55100	-30.43350	12.60000
15.33950	-30.43350	13.80000
20.12800	-30.43350	13.80000
24.91650	-30.43350	7.47000
29.70500	-30.43350	6.32000
34.49350	-30.43350	8.62000
39.28200	-30.43350	8.62000
44.07050	-30.43350	7.47000
48.85900	-30.43350	9.19000
53.64750	-30.43350	6.89000
58.43600	-30.43350	7.47000
63.22450	-30.43350	10.90000
-85.21890	-25.66190	8.62000
-80.43040	-25.66190	6.32000
-75.64190	-25.66190	10.90000
-70.85340	-25.66190	9.19000
-66.06490	-25.66190	5.17000
-61.27640	-25.66190	5.75000
-56.48790	-25.66190	10.90000
-51.69940	-25.66190	10.90000
-46.91090	-25.66190	13.80000
-42.12240	-25.66190	13.80000
-37.33400	-25.66190	13.80000
-32.54550	-25.66190	10.90000
-27.75700	-25.66190	13.80000
-22.96850	-25.66190	13.80000
-18.18000	-25.66190	13.80000
-13.39150	-25.66190	13.80000
-8.60298	-25.66190	13.80000
-3.81448	-25.66190	13.80000
0.97402	-25.66190	13.80000
5.76251	-25.66190	10.90000
10.55100	-25.66190	8.62000
15.33950	-25.66190	8.62000
20.12800	-25.66190	8.62000
24.91650	-25.66190	8.62000
29.70500	-25.66190	5.75000
34.49350	-25.66190	6.32000
39.28200	-25.66190	6.89000
44.07050	-25.66190	6.32000
48.85900	-25.66190	5.17000
53.64750	-25.66190	4.60000
58.43600	-25.66190	8.62000
63.22450	-25.66190	12.60000
-85.21890	-20.89020	12.60000
-80.43040	-20.89020	9.19000
-75.64190	-20.89020	10.30000
-70.85340	-20.89020	7.47000
-66.06490	-20.89020	6.32000
-61.27640	-20.89020	4.60000
-56.48790	-20.89020	7.47000
-51.69940	-20.89020	8.62000
-46.91090	-20.89020	8.04000
-42.12240	-20.89020	13.80000
-37.33400	-20.89020	13.80000
-32.54550	-20.89020	13.80000
-27.75700	-20.89020	13.80000
-22.96850	-20.89020	13.80000
-18.18000	-20.89020	13.80000
-13.39150	-20.89020	13.80000
-8.60298	-20.89020	13.80000
-3.81448	-20.89020	13.80000
0.97402	-20.89020	13.80000
5.76251	-20.89020	8.62000
10.55100	-20.89020	6.32000
15.33950	-20.89020	8.62000
20.12800	-20.89020	6.89000
24.91650	-20.89020	9.19000
29.70500	-20.89020	6.89000
34.49350	-20.89020	4.02000
39.28200	-20.89020	5.75000
44.07050	-20.89020	5.75000
48.85900	-20.89020	4.60000
53.64750	-20.89020	2.30000
58.43600	-20.89020	8.62000
63.22450	-20.89020	13.80000
-85.21890	-16.11850	9.19000
-80.43040	-16.11850	10.90000
-75.64190	-16.11850	12.60000
-70.85340	-16.11850	7.47000
-66.06490	-16.11850	9.19000
-61.27640	-16.11850	6.32000
-56.48790	-16.11850	6.89000
-51.69940	-16.11850	6.32000
-46.91090	-16.11850	6.32000
-42.12240	-16.11850	13.80000
-37.33400	-16.11850	13.80000
-32.54550	-16.11850	13.80000
-27.75700	-16.11850	13.80000
-22.96850	-16.11850	13.80000
-18.18000	-16.11850	13.80000
-13.39150	-16.11850	13.80000
-8.60298	-16.11850	13.80000
-3.81448	-16.11850	13.80000
0.97402	-16.11850	13.80000
5.76251	-16.11850	6.89000
10.55100	-16.11850	6.89000
15.33950	-16.11850	13.80000
20.12800	-16.11850	13.80000
24.91650	-16.11850	7.47000
29.70500	-16.11850	4.60000
34.49350	-16.11850	5.75000
39.28200	-16.11850	6.89000
44.07050	-16.11850	4.02000
48.85900	-16.11850	3.45000
53.64750	-16.11850	2.87000
58.43600	-16.11850	13.80000
63.22450	-16.11850	13.80000
-85.21890	-11.34680	8.62000
-80.43040	-11.34680	12.60000
-75.64190	-11.34680	12.60000
-70.85340	-11.34680	10.90000
-66.06490	-11.34680	6.89000
-61.27640	-11.34680	7.47000
-56.48790	-11.34680	7.47000
-51.69940	-11.34680	6.32000
-46.91090	-11.34680	10.30000
-42.12240	-11.34680	13.80000
-37.33400	-11.34680	13.80000
-32.54550	-11.34680	13.80000
-27.75700	-11.34680	13.80000
-22.96850	-11.34680	13.80000
-18.18000	-11.34680	13.80000
-13.39150	-11.34680	13.80000
-8.60298	-11.34680	13.80000
-3.81448	-11.34680	13.80000
0.97402	-11.34680	13.80000
5.76251	-11.34680	10.90000
10.55100	-11.34680	6.89000
15.33950	-11.34680	13.80000
20.12800	-11.34680	13.80000
24.91650	-11.34680	9.19000
29.70500	-11.34680	5.75000
34.49350	-11.34680	5.75000
39.28200	-11.34680	2.30000
44.07050	-11.34680	2.87000
48.85900	-11.34680	2.30000
53.64750	-11.34680	5.17000
58.43600	-11.34680	13.80000
63.22450	-11.34680	13.80000
-85.21890	-6.57516	8.62000
-80.43040	-6.57516	13.80000
-75.64190	-6.57516	10.90000
-70.85340	-6.57516	10.90000
-66.06490	-6.57516	7.47000
-61.27640	-6.57516	12.60000
-56.48790	-6.57516	12.60000
-51.69940	-6.57516	13.80000
-46.91090	-6.57516	13.80000
-42.12240	-6.57516	13.80000
-37.33400	-6.57516	13.80000
-32.54550	-6.57516	13.80000
-27.75700	-6.57516	13.80000
-22.96850	-6.57516	13.80000
-18.18000	-6.57516	13.80000
-13.39150	-6.57516	13.80000
-8.60298	-6.57516	13.80000
-3.81448	-6.57516	12.60000
0.97402	-6.57516	13.80000
5.76251	-6.57516	13.80000
10.55100	-6.57516	13.80000
15.33950	-6.57516	13.80000
20.12800	-6.57516	13.80000
24.91650	-6.57516	8.62000
29.70500	-6.57516	3.45000
34.49350	-6.57516	4.60000
39.28200	-6.57516	3.45000
44.07050	-6.57516	5.75000
48.85900	-6.57516	1.15000
53.64750	-6.57516	7.47000
58.43600	-6.57516	12.60000
63.22450	-6.57516	13.80000
-85.21890	-1.80348	8.62000
-80.43040	-1.80348	10.30000
-75.64190	-1.80348	6.32000
-70.85340	-1.80348	6.32000
-66.06490	-1.80348	6.89000
-61.27640	-1.80348	7.47000
-56.48790	-1.80348	8.62000
-51.69940	-1.80348	13.80000
-46.91090	-1.80348	13.80000
-42.12240	-1.80348	13.80000
-37.33400	-1.80348	13.80000
-32.54550	-1.80348	13.80000
-27.75700	-1.80348	12.60000
-22.96850	-1.80348	13.80000
-18.18000	-1.80348	13.80000
-13.39150	-1.80348	13.80000
-8.60298	-1.80348	10.90000
-3.81448	-1.80348	10.90000
0.97402	-1.80348	13.80000
5.76251	-1.80348	13.80000
10.55100	-1.80348	13.80000
15.33950	-1.80348	13.80000
20.12800	-1.80348	13.80000
24.91650	-1.80348	8.62000
29.70500	-1.80348	6.89000
34.49350	-1.80348	8.04000
39.28200	-1.80348	6.89000
44.07050	-1.80348	4.02000
48.85900	-1.80348	2.87000
53.64750	-1.80348	8.62000
58.43600	-1.80348	13.80000
63.22450	-1.80348	13.80000
-85.21890	2.96819	10.90000
-80.43040	2.96819	7.47000
-75.64190	2.96819	5.75000
-70.85340	2.96819	6.32000
-66.06490	2.96819	6.32000
-61.27640	2.96819	4.60000
-56.48790	2.96819	10.30000
-51.69940	2.96819	9.19000
-46.91090	2.96819	13.80000
-42.12240	2.96819	13.80000
-37.33400	2.96819	13.80000
-32.54550	2.96819	9.19000
-27.75700	2.96819	13.80000
-22.96850	2.96819	10.30000
-18.18000	2.96819	13.80000
-13.39150	2.96819	13.80000
-8.60298	2.96819	13.80000
-3.81448	2.96819	13.80000
0.97402	2.96819	13.80000
5.76251	2.96819	13.80000
10.55100	2.96819	13.80000
15.33950	2.96819	13.80000
20.12800	2.96819	13.80000
24.91650	2.96819	10.90000
29.70500	2.96819	6.32000
34.49350	2.96819	8.04000
39.28200	2.96819	4.60000
44.07050	2.96819	4.02000
48.85900	2.96819	4.60000
53.64750	2.96819	13.80000
58.43600	2.96819	13.80000
63.22450	2.96819	13.80000
-85.21890	7.73987	12.60000
-80.43040	7.73987	7.47000
-75.64190	7.73987	6.32000
-70.85340	7.73987	5.75000
-66.06490	7.73987	6.89000
-61.27640	7.73987	5.75000
-56.48790	7.73987	8.62000
-51.69940	7.73987	13.80000
-46.91090	7.73987	13.80000
-42.12240	7.73987	13.80000
-37.33400	7.73987	6.32000
-32.54550	7.73987	8.04000
-27.75700	7.73987	8.62000
-22.96850	7.73987	13.80000
-18.18000	7.73987	13.80000
-13.39150	7.73987	13.80000
-8.60298	7.73987	13.80000
-3.81448	7.73987	13.80000
0.97402	7.73987	13.80000
5.76251	7.73987	13.80000
10.55100	7.73987	13.80000
15.33950	7.73987	13.80000
20.12800	7.73987	13.80000
24.91650	7.73987	13.80000
29.70500	7.73987	12.60000
34.49350	7.73987	8.62000
39.28200	7.73987	4.60000
44.07050	7.73987	4.60000
48.85900	7.73987	7.47000
53.64750	7.73987	13.80000
58.43600	7.73987	13.80000
63.22450	7.73987	13.80000
-85.21890	12.51150	13.80000
-80.43040	12.51150	7.47000
-75.64190	12.51150	6.32000
-70.85340	12.51150	5.75000
-66.06490	12.51150	5.17000
-61.27640	12.51150	5.75000
-56.48790	12.51150	8.62000
-51.69940	12.51150	10.30000
-46.91090	12.51150	13.80000
-42.12240	12.51150	13.80000
-37.33400	12.51150	9.19000
-32.54550	12.51150	9.19000
-27.75700	12.51150	13.80000
-22.96850	12.51150	13.80000
-18.18000	12.51150	13.80000
-13.39150	12.51150	13.80000
-8.60298	12.51150	13.80000
-3.81448	12.51150	13.80000
0.97402	12.51150	13.80000
5.76251	12.51150	13.80000
10.55100	12.51150	13.80000
15.33950	12.51150	13.80000
20.12800	12.51150	13.80000
24.91650	12.51150	13.80000
29.70500	12.51150	13.80000
34.49350	12.51150	6.89000
39.28200	12.51150	2.30000
44.07050	12.51150	6.89000
48.85900	12.51150	13.80000
53.64750	12.51150	13.80000
58.43600	12.51150	13.80000
63.22450	12.51150	13.80000
-85.21890	17.28320	13.80000
-80.43040	17.28320	9.19000
-75.64190	17.28320	6.32000
-70.85340	17.28320	9.19000
-66.06490	17.28320	6.89000
-61.27640	17.28320	6.89000
-56.48790	17.28320	6.32000
-51.69940	17.28320	12.60000
-46.91090	17.28320	13.80000
-42.12240	17.28320	12.60000
-37.33400	17.28320	7.47000
-32.54550	17.28320	10.30000
-27.75700	17.28320	10.30000
-22.96850	17.28320	13.80000
-18.18000	17.28320	13.80000
-13.39150	17.28320	13.80000
-8.60298	17.28320	13.80000
-3.81448	17.28320	13.80000
0.97402	17.28320	13.80000
5.76251	17.28320	13.80000
10.55100	17.28320	13.80000
15.33950	17.28320	13.80000
20.12800	17.28320	13.80000
24.91650	17.28320	9.19000
29.70500	17.28320	4.60000
34.49350	17.28320	5.75000
39.28200	17.28320	4.02000
44.07050	17.28320	13.80000
48.85900	17.28320	13.80000
53.64750	17.28320	13.80000
58.43600	17.28320	13.80000
63.22450	17.28320	13.80000
-85.21890	22.05490	13.80000
-80.43040	22.05490	8.62000
-75.64190	22.05490	6.89000
-70.85340	22.05490	12.60000
-66.06490	22.05490	7.47000
-61.27640	22.05490	9.19000
-56.48790	22.05490	6.32000
-51.69940	22.05490	5.17000
-46.91090	22.05490	8.62000
-42.12240	22.05490	10.30000
-37.33400	22.05490	6.89000
-32.54550	22.05490	7.47000
-27.75700	22.05490	5.75000
-22.96850	22.05490	6.32000
-18.18000	22.05490	12.60000
-13.39150	22.05490	13.80000
-8.60298	22.05490	13.80000
-3.81448	22.05490	13.80000
0.97402	22.05490	13.80000
5.76251	22.05490	13.80000
10.55100	22.05490	13.80000
15.33950	22.05490	13.80000
20.12800	22.05490	13.80000
24.91650	22.05490	6.89000
29.70500	22.05490	5.17000
34.49350	22.05490	5.75000
39.28200	22.05490	7.47000
44.07050	22.05490	13.80000
48.85900	22.05490	13.80000
53.64750	22.05490	13.80000
58.43600	22.05490	13.80000
63.22450	22.05490	13.80000
-85.21890	26.82660	13.80000
-80.43040	26.82660	13.80000
-75.64190	26.82660	8.62000
-70.85340	26.82660	8.62000
-66.06490	26.82660	13.80000
-61.27640	26.82660	12.60000
-56.48790	26.82660	6.89000
-51.69940	26.82660	6.89000
-46.91090	26.82660	6.32000
-42.12240	26.82660	8.04000
-37.33400	26.82660	9.19000
-32.54550	26.82660	7.47000
-27.75700	26.82660	8.04000
-22.96850	26.82660	8.62000
-18.18000	26.82660	10.30000
-13.39150	26.82660	13.80000
-8.60298	26.82660	13.80000
-3.81448	26.82660	13.80000
0.97402	26.82660	13.80000
5.76251	26.82660	13.80000
10.55100	26.82660	13.80000
15.33950	26.82660	13.80000
20.12800	26.82660	13.80000
24.91650	26.82660	10.30000
29.70500	26.82660	10.30000
34.49350	26.82660	5.75000
39.28200	26.82660	10.90000
44.07050	26.82660	13.80000
48.85900	26.82660	13.80000
53.64750	26.82660	13.80000
58.43600	26.82660	13.80000
63.22450	26.82660	13.80000
-85.21890	31.59830	13.80000
-80.43040	31.59830	13.80000
-75.64190	31.59830	8.62000
-70.85340	31.59830	7.47000
-66.06490	31.59830	13.80000
-61.27640	31.59830	6.89000
-56.48790	31.59830	5.75000
-51.69940	31.59830	5.17000
-46.91090	31.59830	8.62000
-42.12240	31.59830	6.89000
-37.33400	31.59830	10.30000
-32.54550	31.59830	7.47000
-27.75700	31.59830	8.62000
-22.96850	31.59830	8.04000
-18.18000	31.59830	10.30000
-13.39150	31.59830	13.80000
-8.60298	31.59830	10.90000
-3.81448	31.59830	12.60000
0.97402	31.59830	13.80000
5.76251	31.59830	13.80000
10.55100	31.59830	13.80000
15.33950	31.59830	12.60000
20.12800	31.59830	12.60000
24.91650	31.59830	6.89000
29.70500	31.59830	3.45000
34.49350	31.59830	7.47000
39.28200	31.59830	13.80000
44.07050	31.59830	13.80000
48.85900	31.59830	13.80000
53.64750	31.59830	13.80000
58.43600	31.59830	13.80000
63.22450	31.59830	13.80000
-85.21890	36.36990	13.80000
-80.43040	36.36990	13.80000
-75.64190	36.36990	13.80000
-70.85340	36.36990	9.19000
-66.06490	36.36990	10.90000
-61.27640	36.36990	13.80000
-56.48790	36.36990	8.04000
-51.69940	36.36990	8.04000
-46.91090	36.36990	13.80000
-42.12240	36.36990	9.19000
-37.33400	36.36990	9.19000
-32.54550	36.36990	8.04000
-27.75700	36.36990	8.62000
-22.96850	36.36990	10.30000
-18.18000	36.36990	10.90000
-13.39150	36.36990	8.04000
-8.60298	36.36990	5.17000
-3.81448	36.36990	2.30000
0.97402	36.36990	4.02000
5.76251	36.36990	8.62000
10.55100	36.36990	8.62000
15.33950	36.36990	5.75000
20.12800	36.36990	8.62000
24.91650	36.36990	4.60000
29.70500	36.36990	4.02000
34.49350	36.36990	13.80000
39.28200	36.36990	13.80000
44.07050	36.36990	13.80000
48.85900	36.36990	13.80000
53.64750	36.36990	13.80000
58.43600	36.36990	13.80000
63.22450	36.36990	13.80000
-85.21890	41.14160	13.80000
-80.43040	41.14160	13.80000
-75.64190	41.14160	13.80000
-70.85340	41.14160	13.80000
-66.06490	41.14160	10.90000
-61.27640	41.14160	12.60000
-56.48790	41.14160	12.60000
-51.69940	41.14160	6.89000
-46.91090	41.14160	8.04000
-42.12240	41.14160	10.90000
-37.33400	41.14160	10.90000
-32.54550	41.14160	5.17000
-27.75700	41.14160	6.32000
-22.96850	41.14160	8.04000
-18.18000	41.14160	10.90000
-13.39150	41.14160	8.62000
-8.60298	41.14160	2.30000
-3.81448	41.14160	0.00000
0.97402	41.14160	1.72000
5.76251	41.14160	3.45000
10.55100	41.14160	6.32000
15.33950	41.14160	5.75000
20.12800	41.14160	4.02000
24.91650	41.14160	5.17000
29.70500	41.14160	6.32000
34.49350	41.14160	13.80000
39.28200	41.14160	13.80000
44.07050	41.14160	13.80000
48.85900	41.14160	13.80000
53.64750	41.14160	13.80000
58.43600	41.14160	13.80000
63.22450	41.14160	13.80000
-85.21890	45.91330	13.80000
-80.43040	45.91330	13.80000
-75.64190	45.91330	13.80000
-70.85340	45.91330	13.80000
-66.06490	45.91330	12.60000
-61.27640	45.91330	13.80000
-56.48790	45.91330	13.80000
-51.69940	45.91330	13.80000
-46.91090	45.91330	10.30000
-42.12240	45.91330	10.90000
-37.33400	45.91330	6.89000
-32.54550	45.91330	6.89000
-27.75700	45.91330	5.75000
-22.96850	45.91330	8.04000
-18.18000	45.91330	13.80000
-13.39150	45.91330	12.60000
-8.60298	45.91330	8.04000
-3.81448	45.91330	9.19000
0.97402	45.91330	8.62000
5.76251	45.91330	8.04000
10.55100	45.91330	4.60000
15.33950	45.91330	4.02000
20.12800	45.91330	4.60000
24.91650	45.91330	6.32000
29.70500	45.91330	13.80000
34.49350	45.91330	13.80000
39.28200	45.91330	13.80000
44.07050	45.91330	13.80000
48.85900	45.91330	13.80000
53.64750	45.91330	13.80000
58.43600	45.91330	13.80000
63.22450	45.91330	13.80000
-85.21890	50.68500	13.80000
-80.43040	50.68500	13.80000
-75.64190	50.68500	13.80000
-70.85340	50.68500	13.80000
-66.06490	50.68500	13.80000
-61.27640	50.68500	13.80000
-56.48790	50.68500	12.60000
-51.69940	50.68500	13.80000
-46.91090	50.68500	12.60000
-42.12240	50.68500	12.60000
-37.33400	50.68500	8.62000
-32.54550	50.68500	7.47000
-27.75700	50.68500	12.60000
-22.96850	50.68500	10.90000
-18.18000	50.68500	10.30000
-13.39150	50.68500	9.19000
-8.60298	50.68500	9.19000
-3.81448	50.68500	10.90000
0.97402	50.68500	8.62000
5.76251	50.68500	6.89000
10.55100	50.68500	7.47000
15.33950	50.68500	12.60000
20.12800	50.68500	10.90000
24.91650	50.68500	12.60000
29.70500	50.68500	13.80000
34.49350	50.68500	13.80000
39.28200	50.68500	13.80000
44.07050	50.68500	13.80000
48.85900	50.68500	13.80000
53.64750	50.68500	13.80000
58.43600	50.68500	13.80000
63.22450	50.68500	13.80000
-85.21890	55.45660	13.80000
-80.43040	55.45660	13.80000
-75.64190	55.45660	13.80000
-70.85340	55.45660	13.80000
-66.06490	55.45660	13.80000
-61.27640	55.45660	13.80000
-56.48790	55.45660	13.80000
-51.69940	55.45660	13.80000
-46.91090	55.45660	13.80000
-42.12240	55.45660	13.80000
-37.33400	55.45660	10.90000
-32.54550	55.45660	9.19000
-27.75700	55.45660	9.19000
-22.96850	55.45660	13.80000
-18.18000	55.45660	13.80000
-13.39150	55.45660	13.80000
-8.60298	55.45660	13.80000
-3.81448	55.45660	13.80000
0.97402	55.45660	10.30000
5.76251	55.45660	13.80000
10.55100	55.45660	12.60000
15.33950	55.45660	12.60000
20.12800	55.45660	13.80000
24.91650	55.45660	13.80000
29.70500	55.45660	13.80000
34.49350	55.45660	13.80000
39.28200	55.45660	13.80000
44.07050	55.45660	13.80000
48.85900	55.45660	13.80000
53.64750	55.45660	13.80000
58.43600	55.45660	13.80000
63.22450	55.45660	13.80000
-85.21890	60.22830	13.80000
-80.43040	60.22830	13.80000
-75.64190	60.22830	13.80000
-70.85340	60.22830	13.80000
-66.06490	60.22830	13.80000
-61.27640	60.22830	13.80000
-56.48790	60.22830	13.80000
-51.69940	60.22830	13.80000
-46.91090	60.22830	13.80000
-42.12240	60.22830	13.80000
-37.33400	60.22830	13.80000
-32.54550	60.22830	13.80000
-27.75700	60.22830	13.80000
-22.96850	60.22830	13.80000
-18.18000	60.22830	13.80000
-13.39150	60.22830	13.80000
-8.60298	60.22830	13.80000
-3.81448	60.22830	13.80000
0.97402	60.22830	10.90000
5.76251	60.22830	13.80000
10.55100	60.22830	13.80000
15.33950	60.22830	13.80000
20.12800	60.22830	13.80000
24.91650	60.22830	13.80000
29.70500	60.22830	13.80000
34.49350	60.22830	13.80000
39.28200	60.22830	13.80000
44.07050	60.22830	13.80000
48.85900	60.22830	13.80000
53.64750	60.22830	13.80000
58.43600	60.22830	13.80000
63.22450	60.22830	13.80000
-85.21890	65.00000	13.80000
-80.43040	65.00000	13.80000
-75.64190	65.00000	13.80000
-70.85340	65.00000	13.80000
-66.06490	65.00000	13.80000
-61.27640	65.00000	13.80000
-56.48790	65.00000	13.80000
-51.69940	65.00000	13.80000
-46.91090	65.00000	13.80000
-42.12240	65.00000	13.80000
-37.33400	65.00000	13.80000
-32.54550	65.00000	13.80000
-27.75700	65.00000	13.80000
-22.96850	65.00000	13.80000
-18.18000	65.00000	13.80000
-13.39150	65.00000	12.60000
-8.60298	65.00000	13.80000
-3.81448	65.00000	10.90000
0.97402	65.00000	13.80000
5.76251	65.00000	13.80000
10.55100	65.00000	13.80000
15.33950	65.00000	13.80000
20.12800	65.00000	13.80000
24.91650	65.00000	13.80000
29.70500	65.00000	13.80000
34.49350	65.00000	13.80000
39.28200	65.00000	13.80000
44.07050	65.00000	13.80000
48.85900	65.00000	13.80000
53.64750	65.00000	13.80000
58.43600	65.00000	13.80000
63.22450	65.00000	13.80000
