Run semi-empirical minimization
 &qmmm
    qm_theory='AM1', grms_tol=0.0005,
 scfconv=1.d-10, ndiis_attempts=700,   qmcharge=0,
 /
   6    C1       16.8910       20.1840      -12.2860 
   7    N1       13.9080       19.5500      -14.5260 
   8    O1       14.7180       19.2440      -16.8870 
  16    S1       14.8220       18.3350      -12.3470 
   6    C2       15.9960       19.3770      -13.2430 
   7    N2       14.3790       16.9020      -15.8430 
   8    O2       14.7990       14.9490      -17.1380 
   6    C3       15.1520       20.2780      -14.1670 
   8    O3       14.4950       22.5870      -14.6460 
   6    C4       13.7420       18.2760      -13.8130 
   8    O4       13.7700       21.6690      -12.6510 
   6    C5       13.3500       17.7510      -15.1670 
   6    C6       13.6480       19.1140      -15.9510 
   6    C7       14.0900       15.4710      -16.0150 
   6    C8       14.4150       14.6740      -14.7360 
   6    C9       15.9080       14.7440      -14.3680 
   6   C10       16.1020       14.9070      -12.8490 
   6   C11       17.5880       15.0720      -12.4620 
   6   C12       18.5680       14.6460      -13.5770 
   6   C13       18.0920       13.3730      -14.3050 
   6   C14       16.6740       13.5150      -14.9020 
   6   C15       14.8400       21.6880      -13.5970 
   6   C16       16.9180       18.5170      -14.1230 
   1    H2       14.6040       18.5460      -17.5570 
   1    H4       14.5110       14.0280      -17.2860 
   1    H7       14.6590       17.2930      -16.7370 
   1   H12       15.3180       22.9020      -15.0590 
   1   H15       13.7560       20.7960      -12.2260 

