Run semi-empirical minimization
 &qmmm
    qm_theory='AM1', grms_tol=0.0005,
 scfconv=1.d-10, ndiis_attempts=700,   qmcharge=0,
 /
   7     N       12.8000       20.0340      -17.4620 
   7    N1       10.9490       20.4910      -18.7720 
   7    N2       10.4670       22.0310      -20.2920 
   7    N3       13.2930       16.9540      -16.0270 
   7    N4       14.5030       14.5160      -15.1240 
   6    CA       13.6240       19.2700      -16.5200 
   6    C1       13.9190       15.6360      -16.3230 
   6    C2       14.8620       14.0050      -13.7920 
   6     C       11.5370       19.7130      -17.8200 
   6    C3        9.5770       20.1810      -19.1860 
   6    C4       11.4180       21.5750      -19.4480 
   6    C5        9.2430       21.2460      -20.2280 
   6    C6        9.2620       23.3150      -22.4780 
   6    C7       13.8310       17.8250      -16.9210 
   6    C8       15.3110       15.6590      -15.6440 
   6    C9       16.2870       14.4680      -13.4530 
   6   C10       16.4420       14.6250      -11.9330 
   6   C11       17.3310       13.4550      -13.9560 
   6   C12       13.2960       14.4160      -15.7040 
   6   C13       14.5770       12.5320      -13.5270 
   6   C14       14.9230       19.9480      -16.1280 
   6   C15       15.6890       20.6320      -17.0730 
   6   C16       16.8820       21.2470      -16.6960 
   6   C17       17.3160       21.1750      -15.3740 
   6   C18       16.5570       20.4870      -14.4290 
   6   C19       15.3620       19.8760      -14.8060 
   8     O       10.9480       18.7850      -17.2970 
   8    O1       12.5090       22.0950      -19.3080 
   8    O2       10.3040       24.5390      -20.4240 
   8    O3       11.8440       23.3740      -21.9720 
   8    O4       14.3200       17.5250      -17.9970 
   8    O5       12.2870       14.1150      -15.0990 
   8    O6       14.6550       11.7690      -14.5860 
   8   OXT       14.4280       12.0790      -12.4110 
  16     S       10.5800       23.4300      -21.2930 
  16    S1       16.4920       16.0540      -14.3060 
   1     H       13.2490       20.8070      -17.9310 
   1    H1       12.9910       17.2370      -15.1080 
   1    H2       14.7680       12.3610      -15.3500 

