-23.03140	-6.28250	15.30000
-22.09090	-6.28250	15.30000
-21.15040	-6.28250	15.30000
-20.20990	-6.28250	15.30000
-19.26930	-6.28250	15.30000
-18.32880	-6.28250	15.30000
-17.38830	-6.28250	15.30000
-16.44780	-6.28250	15.30000
-15.50730	-6.28250	15.30000
-14.56680	-6.28250	15.30000
-13.62630	-6.28250	15.30000
-12.68570	-6.28250	15.30000
-11.74520	-6.28250	15.30000
-10.80470	-6.28250	15.30000
-9.86420	-6.28250	15.30000
-8.92368	-6.28250	15.30000
-7.98317	-6.28250	15.30000
-7.04265	-6.28250	15.30000
-6.10214	-6.28250	15.30000
-5.16162	-6.28250	15.30000
-4.22111	-6.28250	15.30000
-3.28059	-6.28250	14.10000
-2.34008	-6.28250	11.50000
-1.39956	-6.28250	14.10000
-0.45904	-6.28250	15.30000
0.48147	-6.28250	15.30000
1.42198	-6.28250	15.30000
2.36250	-6.28250	15.30000
3.30301	-6.28250	15.30000
4.24353	-6.28250	15.30000
5.18405	-6.28250	15.30000
6.12456	-6.28250	15.30000
-23.03140	-5.69337	15.30000
-22.09090	-5.69337	15.30000
-21.15040	-5.69337	15.30000
-20.20990	-5.69337	15.30000
-19.26930	-5.69337	15.30000
-18.32880	-5.69337	15.30000
-17.38830	-5.69337	15.30000
-16.44780	-5.69337	15.30000
-15.50730	-5.69337	15.30000
-14.56680	-5.69337	15.30000
-13.62630	-5.69337	15.30000
-12.68570	-5.69337	15.30000
-11.74520	-5.69337	15.30000
-10.80470	-5.69337	15.30000
-9.86420	-5.69337	15.30000
-8.92368	-5.69337	15.30000
-7.98317	-5.69337	15.30000
-7.04265	-5.69337	15.30000
-6.10214	-5.69337	15.30000
-5.16162	-5.69337	15.30000
-4.22111	-5.69337	15.30000
-3.28059	-5.69337	15.30000
-2.34008	-5.69337	7.03000
-1.39956	-5.69337	9.59000
-0.45904	-5.69337	15.30000
0.48147	-5.69337	15.30000
1.42198	-5.69337	15.30000
2.36250	-5.69337	15.30000
3.30301	-5.69337	15.30000
4.24353	-5.69337	15.30000
5.18405	-5.69337	15.30000
6.12456	-5.69337	15.30000
-23.03140	-5.10425	15.30000
-22.09090	-5.10425	15.30000
-21.15040	-5.10425	15.30000
-20.20990	-5.10425	15.30000
-19.26930	-5.10425	15.30000
-18.32880	-5.10425	15.30000
-17.38830	-5.10425	15.30000
-16.44780	-5.10425	15.30000
-15.50730	-5.10425	15.30000
-14.56680	-5.10425	15.30000
-13.62630	-5.10425	15.30000
-12.68570	-5.10425	15.30000
-11.74520	-5.10425	15.30000
-10.80470	-5.10425	15.30000
-9.86420	-5.10425	15.30000
-8.92368	-5.10425	15.30000
-7.98317	-5.10425	15.30000
-7.04265	-5.10425	15.30000
-6.10214	-5.10425	15.30000
-5.16162	-5.10425	15.30000
-4.22111	-5.10425	15.30000
-3.28059	-5.10425	8.95000
-2.34008	-5.10425	5.75000
-1.39956	-5.10425	5.11000
-0.45904	-5.10425	10.90000
0.48147	-5.10425	14.10000
1.42198	-5.10425	15.30000
2.36250	-5.10425	15.30000
3.30301	-5.10425	15.30000
4.24353	-5.10425	15.30000
5.18405	-5.10425	15.30000
6.12456	-5.10425	15.30000
-23.03140	-4.51512	15.30000
-22.09090	-4.51512	15.30000
-21.15040	-4.51512	15.30000
-20.20990	-4.51512	15.30000
-19.26930	-4.51512	15.30000
-18.32880	-4.51512	15.30000
-17.38830	-4.51512	15.30000
-16.44780	-4.51512	15.30000
-15.50730	-4.51512	15.30000
-14.56680	-4.51512	15.30000
-13.62630	-4.51512	15.30000
-12.68570	-4.51512	15.30000
-11.74520	-4.51512	15.30000
-10.80470	-4.51512	15.30000
-9.86420	-4.51512	15.30000
-8.92368	-4.51512	15.30000
-7.98317	-4.51512	15.30000
-7.04265	-4.51512	15.30000
-6.10214	-4.51512	15.30000
-5.16162	-4.51512	15.30000
-4.22111	-4.51512	15.30000
-3.28059	-4.51512	7.03000
-2.34008	-4.51512	5.11000
-1.39956	-4.51512	3.20000
-0.45904	-4.51512	7.03000
0.48147	-4.51512	9.59000
1.42198	-4.51512	14.10000
2.36250	-4.51512	15.30000
3.30301	-4.51512	15.30000
4.24353	-4.51512	15.30000
5.18405	-4.51512	15.30000
6.12456	-4.51512	15.30000
-23.03140	-3.92599	15.30000
-22.09090	-3.92599	15.30000
-21.15040	-3.92599	15.30000
-20.20990	-3.92599	15.30000
-19.26930	-3.92599	15.30000
-18.32880	-3.92599	15.30000
-17.38830	-3.92599	15.30000
-16.44780	-3.92599	15.30000
-15.50730	-3.92599	15.30000
-14.56680	-3.92599	15.30000
-13.62630	-3.92599	15.30000
-12.68570	-3.92599	15.30000
-11.74520	-3.92599	15.30000
-10.80470	-3.92599	15.30000
-9.86420	-3.92599	15.30000
-8.92368	-3.92599	15.30000
-7.98317	-3.92599	15.30000
-7.04265	-3.92599	15.30000
-6.10214	-3.92599	15.30000
-5.16162	-3.92599	15.30000
-4.22111	-3.92599	15.30000
-3.28059	-3.92599	5.11000
-2.34008	-3.92599	3.20000
-1.39956	-3.92599	2.56000
-0.45904	-3.92599	3.20000
0.48147	-3.92599	8.31000
1.42198	-3.92599	11.50000
2.36250	-3.92599	15.30000
3.30301	-3.92599	15.30000
4.24353	-3.92599	15.30000
5.18405	-3.92599	15.30000
6.12456	-3.92599	15.30000
-23.03140	-3.33687	15.30000
-22.09090	-3.33687	15.30000
-21.15040	-3.33687	15.30000
-20.20990	-3.33687	15.30000
-19.26930	-3.33687	15.30000
-18.32880	-3.33687	15.30000
-17.38830	-3.33687	15.30000
-16.44780	-3.33687	15.30000
-15.50730	-3.33687	15.30000
-14.56680	-3.33687	15.30000
-13.62630	-3.33687	15.30000
-12.68570	-3.33687	15.30000
-11.74520	-3.33687	15.30000
-10.80470	-3.33687	15.30000
-9.86420	-3.33687	15.30000
-8.92368	-3.33687	15.30000
-7.98317	-3.33687	15.30000
-7.04265	-3.33687	15.30000
-6.10214	-3.33687	15.30000
-5.16162	-3.33687	15.30000
-4.22111	-3.33687	15.30000
-3.28059	-3.33687	5.11000
-2.34008	-3.33687	1.92000
-1.39956	-3.33687	1.92000
-0.45904	-3.33687	1.92000
0.48147	-3.33687	6.39000
1.42198	-3.33687	8.95000
2.36250	-3.33687	15.30000
3.30301	-3.33687	15.30000
4.24353	-3.33687	15.30000
5.18405	-3.33687	15.30000
6.12456	-3.33687	15.30000
-23.03140	-2.74774	15.30000
-22.09090	-2.74774	15.30000
-21.15040	-2.74774	15.30000
-20.20990	-2.74774	15.30000
-19.26930	-2.74774	15.30000
-18.32880	-2.74774	15.30000
-17.38830	-2.74774	15.30000
-16.44780	-2.74774	15.30000
-15.50730	-2.74774	15.30000
-14.56680	-2.74774	15.30000
-13.62630	-2.74774	15.30000
-12.68570	-2.74774	15.30000
-11.74520	-2.74774	15.30000
-10.80470	-2.74774	15.30000
-9.86420	-2.74774	15.30000
-8.92368	-2.74774	15.30000
-7.98317	-2.74774	15.30000
-7.04265	-2.74774	15.30000
-6.10214	-2.74774	15.30000
-5.16162	-2.74774	15.30000
-4.22111	-2.74774	15.30000
-3.28059	-2.74774	7.67000
-2.34008	-2.74774	1.28000
-1.39956	-2.74774	1.28000
-0.45904	-2.74774	1.28000
0.48147	-2.74774	3.20000
1.42198	-2.74774	7.67000
2.36250	-2.74774	10.90000
3.30301	-2.74774	15.30000
4.24353	-2.74774	15.30000
5.18405	-2.74774	15.30000
6.12456	-2.74774	15.30000
-23.03140	-2.15862	15.30000
-22.09090	-2.15862	15.30000
-21.15040	-2.15862	15.30000
-20.20990	-2.15862	15.30000
-19.26930	-2.15862	15.30000
-18.32880	-2.15862	15.30000
-17.38830	-2.15862	14.10000
-16.44780	-2.15862	15.30000
-15.50730	-2.15862	15.30000
-14.56680	-2.15862	15.30000
-13.62630	-2.15862	15.30000
-12.68570	-2.15862	15.30000
-11.74520	-2.15862	15.30000
-10.80470	-2.15862	15.30000
-9.86420	-2.15862	15.30000
-8.92368	-2.15862	15.30000
-7.98317	-2.15862	15.30000
-7.04265	-2.15862	15.30000
-6.10214	-2.15862	15.30000
-5.16162	-2.15862	15.30000
-4.22111	-2.15862	15.30000
-3.28059	-2.15862	12.80000
-2.34008	-2.15862	2.56000
-1.39956	-2.15862	1.28000
-0.45904	-2.15862	0.63900
0.48147	-2.15862	2.56000
1.42198	-2.15862	4.47000
2.36250	-2.15862	9.59000
3.30301	-2.15862	14.10000
4.24353	-2.15862	15.30000
5.18405	-2.15862	15.30000
6.12456	-2.15862	15.30000
-23.03140	-1.56949	10.90000
-22.09090	-1.56949	15.30000
-21.15040	-1.56949	15.30000
-20.20990	-1.56949	15.30000
-19.26930	-1.56949	15.30000
-18.32880	-1.56949	12.80000
-17.38830	-1.56949	11.50000
-16.44780	-1.56949	15.30000
-15.50730	-1.56949	15.30000
-14.56680	-1.56949	15.30000
-13.62630	-1.56949	15.30000
-12.68570	-1.56949	15.30000
-11.74520	-1.56949	15.30000
-10.80470	-1.56949	15.30000
-9.86420	-1.56949	15.30000
-8.92368	-1.56949	15.30000
-7.98317	-1.56949	15.30000
-7.04265	-1.56949	15.30000
-6.10214	-1.56949	15.30000
-5.16162	-1.56949	15.30000
-4.22111	-1.56949	15.30000
-3.28059	-1.56949	15.30000
-2.34008	-1.56949	3.83000
-1.39956	-1.56949	1.28000
-0.45904	-1.56949	0.00000
0.48147	-1.56949	1.28000
1.42198	-1.56949	3.20000
2.36250	-1.56949	5.11000
3.30301	-1.56949	10.20000
4.24353	-1.56949	15.30000
5.18405	-1.56949	15.30000
6.12456	-1.56949	15.30000
-23.03140	-0.98037	15.30000
-22.09090	-0.98037	10.90000
-21.15040	-0.98037	14.10000
-20.20990	-0.98037	15.30000
-19.26930	-0.98037	15.30000
-18.32880	-0.98037	12.80000
-17.38830	-0.98037	11.50000
-16.44780	-0.98037	10.90000
-15.50730	-0.98037	15.30000
-14.56680	-0.98037	15.30000
-13.62630	-0.98037	15.30000
-12.68570	-0.98037	15.30000
-11.74520	-0.98037	15.30000
-10.80470	-0.98037	15.30000
-9.86420	-0.98037	15.30000
-8.92368	-0.98037	15.30000
-7.98317	-0.98037	15.30000
-7.04265	-0.98037	15.30000
-6.10214	-0.98037	15.30000
-5.16162	-0.98037	15.30000
-4.22111	-0.98037	14.10000
-3.28059	-0.98037	12.80000
-2.34008	-0.98037	5.75000
-1.39956	-0.98037	1.92000
-0.45904	-0.98037	0.00000
0.48147	-0.98037	0.63900
1.42198	-0.98037	1.92000
2.36250	-0.98037	3.20000
3.30301	-0.98037	10.20000
4.24353	-0.98037	15.30000
5.18405	-0.98037	15.30000
6.12456	-0.98037	15.30000
-23.03140	-0.39124	12.80000
-22.09090	-0.39124	11.50000
-21.15040	-0.39124	14.10000
-20.20990	-0.39124	15.30000
-19.26930	-0.39124	15.30000
-18.32880	-0.39124	12.80000
-17.38830	-0.39124	14.10000
-16.44780	-0.39124	11.50000
-15.50730	-0.39124	15.30000
-14.56680	-0.39124	15.30000
-13.62630	-0.39124	15.30000
-12.68570	-0.39124	15.30000
-11.74520	-0.39124	15.30000
-10.80470	-0.39124	15.30000
-9.86420	-0.39124	15.30000
-8.92368	-0.39124	15.30000
-7.98317	-0.39124	15.30000
-7.04265	-0.39124	15.30000
-6.10214	-0.39124	15.30000
-5.16162	-0.39124	15.30000
-4.22111	-0.39124	12.80000
-3.28059	-0.39124	14.10000
-2.34008	-0.39124	8.95000
-1.39956	-0.39124	1.92000
-0.45904	-0.39124	0.63900
0.48147	-0.39124	0.63900
1.42198	-0.39124	1.92000
2.36250	-0.39124	2.56000
3.30301	-0.39124	6.39000
4.24353	-0.39124	14.10000
5.18405	-0.39124	15.30000
6.12456	-0.39124	15.30000
-23.03140	0.19788	12.80000
-22.09090	0.19788	10.20000
-21.15040	0.19788	10.90000
-20.20990	0.19788	12.80000
-19.26930	0.19788	14.10000
-18.32880	0.19788	11.50000
-17.38830	0.19788	12.80000
-16.44780	0.19788	12.80000
-15.50730	0.19788	12.80000
-14.56680	0.19788	15.30000
-13.62630	0.19788	15.30000
-12.68570	0.19788	15.30000
-11.74520	0.19788	15.30000
-10.80470	0.19788	15.30000
-9.86420	0.19788	15.30000
-8.92368	0.19788	15.30000
-7.98317	0.19788	15.30000
-7.04265	0.19788	15.30000
-6.10214	0.19788	15.30000
-5.16162	0.19788	15.30000
-4.22111	0.19788	15.30000
-3.28059	0.19788	10.20000
-2.34008	0.19788	8.95000
-1.39956	0.19788	2.56000
-0.45904	0.19788	0.63900
0.48147	0.19788	0.00000
1.42198	0.19788	1.28000
2.36250	0.19788	1.92000
3.30301	0.19788	4.47000
4.24353	0.19788	11.50000
5.18405	0.19788	15.30000
6.12456	0.19788	15.30000
-23.03140	0.78701	11.50000
-22.09090	0.78701	8.31000
-21.15040	0.78701	9.59000
-20.20990	0.78701	14.10000
-19.26930	0.78701	10.90000
-18.32880	0.78701	15.30000
-17.38830	0.78701	10.90000
-16.44780	0.78701	14.10000
-15.50730	0.78701	15.30000
-14.56680	0.78701	15.30000
-13.62630	0.78701	15.30000
-12.68570	0.78701	15.30000
-11.74520	0.78701	15.30000
-10.80470	0.78701	15.30000
-9.86420	0.78701	15.30000
-8.92368	0.78701	15.30000
-7.98317	0.78701	15.30000
-7.04265	0.78701	15.30000
-6.10214	0.78701	15.30000
-5.16162	0.78701	15.30000
-4.22111	0.78701	9.59000
-3.28059	0.78701	8.31000
-2.34008	0.78701	8.31000
-1.39956	0.78701	3.20000
-0.45904	0.78701	0.63900
0.48147	0.78701	0.63900
1.42198	0.78701	1.28000
2.36250	0.78701	2.56000
3.30301	0.78701	4.47000
4.24353	0.78701	9.59000
5.18405	0.78701	15.30000
6.12456	0.78701	15.30000
-23.03140	1.37613	14.10000
-22.09090	1.37613	10.20000
-21.15040	1.37613	10.90000
-20.20990	1.37613	11.50000
-19.26930	1.37613	14.10000
-18.32880	1.37613	15.30000
-17.38830	1.37613	14.10000
-16.44780	1.37613	14.10000
-15.50730	1.37613	14.10000
-14.56680	1.37613	15.30000
-13.62630	1.37613	15.30000
-12.68570	1.37613	15.30000
-11.74520	1.37613	15.30000
-10.80470	1.37613	15.30000
-9.86420	1.37613	15.30000
-8.92368	1.37613	15.30000
-7.98317	1.37613	15.30000
-7.04265	1.37613	15.30000
-6.10214	1.37613	15.30000
-5.16162	1.37613	15.30000
-4.22111	1.37613	10.90000
-3.28059	1.37613	7.67000
-2.34008	1.37613	7.67000
-1.39956	1.37613	5.11000
-0.45904	1.37613	1.92000
0.48147	1.37613	0.63900
1.42198	1.37613	1.28000
2.36250	1.37613	3.83000
3.30301	1.37613	4.47000
4.24353	1.37613	10.90000
5.18405	1.37613	15.30000
6.12456	1.37613	15.30000
-23.03140	1.96526	15.30000
-22.09090	1.96526	12.80000
-21.15040	1.96526	15.30000
-20.20990	1.96526	10.90000
-19.26930	1.96526	10.90000
-18.32880	1.96526	9.59000
-17.38830	1.96526	14.10000
-16.44780	1.96526	12.80000
-15.50730	1.96526	14.10000
-14.56680	1.96526	15.30000
-13.62630	1.96526	15.30000
-12.68570	1.96526	15.30000
-11.74520	1.96526	15.30000
-10.80470	1.96526	15.30000
-9.86420	1.96526	15.30000
-8.92368	1.96526	15.30000
-7.98317	1.96526	15.30000
-7.04265	1.96526	15.30000
-6.10214	1.96526	15.30000
-5.16162	1.96526	15.30000
-4.22111	1.96526	9.59000
-3.28059	1.96526	7.67000
-2.34008	1.96526	7.67000
-1.39956	1.96526	7.67000
-0.45904	1.96526	4.47000
0.48147	1.96526	1.28000
1.42198	1.96526	1.92000
2.36250	1.96526	3.20000
3.30301	1.96526	7.03000
4.24353	1.96526	8.31000
5.18405	1.96526	14.10000
6.12456	1.96526	15.30000
-23.03140	2.55438	15.30000
-22.09090	2.55438	15.30000
-21.15040	2.55438	15.30000
-20.20990	2.55438	15.30000
-19.26930	2.55438	12.80000
-18.32880	2.55438	10.90000
-17.38830	2.55438	14.10000
-16.44780	2.55438	15.30000
-15.50730	2.55438	14.10000
-14.56680	2.55438	15.30000
-13.62630	2.55438	15.30000
-12.68570	2.55438	15.30000
-11.74520	2.55438	15.30000
-10.80470	2.55438	15.30000
-9.86420	2.55438	15.30000
-8.92368	2.55438	15.30000
-7.98317	2.55438	15.30000
-7.04265	2.55438	15.30000
-6.10214	2.55438	15.30000
-5.16162	2.55438	15.30000
-4.22111	2.55438	8.95000
-3.28059	2.55438	8.95000
-2.34008	2.55438	7.67000
-1.39956	2.55438	8.31000
-0.45904	2.55438	7.67000
0.48147	2.55438	3.83000
1.42198	2.55438	3.20000
2.36250	2.55438	5.11000
3.30301	2.55438	6.39000
4.24353	2.55438	8.95000
5.18405	2.55438	11.50000
6.12456	2.55438	15.30000
-23.03140	3.14351	15.30000
-22.09090	3.14351	15.30000
-21.15040	3.14351	15.30000
-20.20990	3.14351	15.30000
-19.26930	3.14351	12.80000
-18.32880	3.14351	12.80000
-17.38830	3.14351	10.90000
-16.44780	3.14351	15.30000
-15.50730	3.14351	15.30000
-14.56680	3.14351	15.30000
-13.62630	3.14351	15.30000
-12.68570	3.14351	15.30000
-11.74520	3.14351	15.30000
-10.80470	3.14351	15.30000
-9.86420	3.14351	15.30000
-8.92368	3.14351	15.30000
-7.98317	3.14351	15.30000
-7.04265	3.14351	15.30000
-6.10214	3.14351	15.30000
-5.16162	3.14351	14.10000
-4.22111	3.14351	15.30000
-3.28059	3.14351	11.50000
-2.34008	3.14351	9.59000
-1.39956	3.14351	9.59000
-0.45904	3.14351	9.59000
0.48147	3.14351	6.39000
1.42198	3.14351	4.47000
2.36250	3.14351	6.39000
3.30301	3.14351	7.67000
4.24353	3.14351	8.95000
5.18405	3.14351	15.30000
6.12456	3.14351	15.30000
-23.03140	3.73264	15.30000
-22.09090	3.73264	15.30000
-21.15040	3.73264	15.30000
-20.20990	3.73264	15.30000
-19.26930	3.73264	14.10000
-18.32880	3.73264	10.90000
-17.38830	3.73264	10.20000
-16.44780	3.73264	10.90000
-15.50730	3.73264	15.30000
-14.56680	3.73264	15.30000
-13.62630	3.73264	15.30000
-12.68570	3.73264	15.30000
-11.74520	3.73264	15.30000
-10.80470	3.73264	15.30000
-9.86420	3.73264	15.30000
-8.92368	3.73264	15.30000
-7.98317	3.73264	15.30000
-7.04265	3.73264	15.30000
-6.10214	3.73264	15.30000
-5.16162	3.73264	15.30000
-4.22111	3.73264	11.50000
-3.28059	3.73264	15.30000
-2.34008	3.73264	11.50000
-1.39956	3.73264	11.50000
-0.45904	3.73264	10.20000
0.48147	3.73264	9.59000
1.42198	3.73264	6.39000
2.36250	3.73264	7.03000
3.30301	3.73264	8.95000
4.24353	3.73264	15.30000
5.18405	3.73264	15.30000
6.12456	3.73264	15.30000
-23.03140	4.32176	15.30000
-22.09090	4.32176	15.30000
-21.15040	4.32176	15.30000
-20.20990	4.32176	15.30000
-19.26930	4.32176	15.30000
-18.32880	4.32176	12.80000
-17.38830	4.32176	10.90000
-16.44780	4.32176	15.30000
-15.50730	4.32176	12.80000
-14.56680	4.32176	14.10000
-13.62630	4.32176	15.30000
-12.68570	4.32176	15.30000
-11.74520	4.32176	15.30000
-10.80470	4.32176	15.30000
-9.86420	4.32176	15.30000
-8.92368	4.32176	15.30000
-7.98317	4.32176	15.30000
-7.04265	4.32176	15.30000
-6.10214	4.32176	15.30000
-5.16162	4.32176	15.30000
-4.22111	4.32176	12.80000
-3.28059	4.32176	11.50000
-2.34008	4.32176	11.50000
-1.39956	4.32176	11.50000
-0.45904	4.32176	15.30000
0.48147	4.32176	8.95000
1.42198	4.32176	8.95000
2.36250	4.32176	9.59000
3.30301	4.32176	10.90000
4.24353	4.32176	15.30000
5.18405	4.32176	15.30000
6.12456	4.32176	15.30000
-23.03140	4.91089	15.30000
-22.09090	4.91089	15.30000
-21.15040	4.91089	15.30000
-20.20990	4.91089	15.30000
-19.26930	4.91089	15.30000
-18.32880	4.91089	14.10000
-17.38830	4.91089	12.80000
-16.44780	4.91089	12.80000
-15.50730	4.91089	10.90000
-14.56680	4.91089	14.10000
-13.62630	4.91089	14.10000
-12.68570	4.91089	15.30000
-11.74520	4.91089	15.30000
-10.80470	4.91089	15.30000
-9.86420	4.91089	15.30000
-8.92368	4.91089	15.30000
-7.98317	4.91089	15.30000
-7.04265	4.91089	15.30000
-6.10214	4.91089	15.30000
-5.16162	4.91089	15.30000
-4.22111	4.91089	8.95000
-3.28059	4.91089	9.59000
-2.34008	4.91089	10.20000
-1.39956	4.91089	14.10000
-0.45904	4.91089	10.90000
0.48147	4.91089	9.59000
1.42198	4.91089	7.67000
2.36250	4.91089	8.95000
3.30301	4.91089	14.10000
4.24353	4.91089	15.30000
5.18405	4.91089	15.30000
6.12456	4.91089	15.30000
-23.03140	5.50001	15.30000
-22.09090	5.50001	15.30000
-21.15040	5.50001	15.30000
-20.20990	5.50001	15.30000
-19.26930	5.50001	15.30000
-18.32880	5.50001	15.30000
-17.38830	5.50001	15.30000
-16.44780	5.50001	12.80000
-15.50730	5.50001	15.30000
-14.56680	5.50001	14.10000
-13.62630	5.50001	15.30000
-12.68570	5.50001	15.30000
-11.74520	5.50001	15.30000
-10.80470	5.50001	15.30000
-9.86420	5.50001	15.30000
-8.92368	5.50001	15.30000
-7.98317	5.50001	15.30000
-7.04265	5.50001	15.30000
-6.10214	5.50001	15.30000
-5.16162	5.50001	15.30000
-4.22111	5.50001	12.80000
-3.28059	5.50001	8.31000
-2.34008	5.50001	11.50000
-1.39956	5.50001	10.90000
-0.45904	5.50001	15.30000
0.48147	5.50001	9.59000
1.42198	5.50001	10.20000
2.36250	5.50001	11.50000
3.30301	5.50001	12.80000
4.24353	5.50001	15.30000
5.18405	5.50001	15.30000
6.12456	5.50001	15.30000
-23.03140	6.08914	15.30000
-22.09090	6.08914	15.30000
-21.15040	6.08914	15.30000
-20.20990	6.08914	15.30000
-19.26930	6.08914	15.30000
-18.32880	6.08914	15.30000
-17.38830	6.08914	15.30000
-16.44780	6.08914	11.50000
-15.50730	6.08914	12.80000
-14.56680	6.08914	15.30000
-13.62630	6.08914	9.59000
-12.68570	6.08914	15.30000
-11.74520	6.08914	15.30000
-10.80470	6.08914	15.30000
-9.86420	6.08914	15.30000
-8.92368	6.08914	15.30000
-7.98317	6.08914	15.30000
-7.04265	6.08914	15.30000
-6.10214	6.08914	15.30000
-5.16162	6.08914	15.30000
-4.22111	6.08914	15.30000
-3.28059	6.08914	8.95000
-2.34008	6.08914	12.80000
-1.39956	6.08914	9.59000
-0.45904	6.08914	11.50000
0.48147	6.08914	14.10000
1.42198	6.08914	12.80000
2.36250	6.08914	9.59000
3.30301	6.08914	15.30000
4.24353	6.08914	15.30000
5.18405	6.08914	15.30000
6.12456	6.08914	15.30000
-23.03140	6.67826	15.30000
-22.09090	6.67826	15.30000
-21.15040	6.67826	15.30000
-20.20990	6.67826	15.30000
-19.26930	6.67826	15.30000
-18.32880	6.67826	15.30000
-17.38830	6.67826	15.30000
-16.44780	6.67826	12.80000
-15.50730	6.67826	15.30000
-14.56680	6.67826	14.10000
-13.62630	6.67826	11.50000
-12.68570	6.67826	14.10000
-11.74520	6.67826	14.10000
-10.80470	6.67826	15.30000
-9.86420	6.67826	14.10000
-8.92368	6.67826	15.30000
-7.98317	6.67826	15.30000
-7.04265	6.67826	15.30000
-6.10214	6.67826	12.80000
-5.16162	6.67826	15.30000
-4.22111	6.67826	15.30000
-3.28059	6.67826	10.90000
-2.34008	6.67826	10.20000
-1.39956	6.67826	10.90000
-0.45904	6.67826	12.80000
0.48147	6.67826	15.30000
1.42198	6.67826	12.80000
2.36250	6.67826	8.95000
3.30301	6.67826	11.50000
4.24353	6.67826	11.50000
5.18405	6.67826	15.30000
6.12456	6.67826	15.30000
-23.03140	7.26739	15.30000
-22.09090	7.26739	15.30000
-21.15040	7.26739	15.30000
-20.20990	7.26739	15.30000
-19.26930	7.26739	15.30000
-18.32880	7.26739	15.30000
-17.38830	7.26739	15.30000
-16.44780	7.26739	15.30000
-15.50730	7.26739	14.10000
-14.56680	7.26739	12.80000
-13.62630	7.26739	15.30000
-12.68570	7.26739	12.80000
-11.74520	7.26739	12.80000
-10.80470	7.26739	11.50000
-9.86420	7.26739	15.30000
-8.92368	7.26739	15.30000
-7.98317	7.26739	15.30000
-7.04265	7.26739	12.80000
-6.10214	7.26739	11.50000
-5.16162	7.26739	10.20000
-4.22111	7.26739	15.30000
-3.28059	7.26739	15.30000
-2.34008	7.26739	15.30000
-1.39956	7.26739	12.80000
-0.45904	7.26739	14.10000
0.48147	7.26739	15.30000
1.42198	7.26739	14.10000
2.36250	7.26739	9.59000
3.30301	7.26739	11.50000
4.24353	7.26739	10.90000
5.18405	7.26739	14.10000
6.12456	7.26739	15.30000
-23.03140	7.85651	15.30000
-22.09090	7.85651	15.30000
-21.15040	7.85651	15.30000
-20.20990	7.85651	15.30000
-19.26930	7.85651	15.30000
-18.32880	7.85651	15.30000
-17.38830	7.85651	15.30000
-16.44780	7.85651	14.10000
-15.50730	7.85651	14.10000
-14.56680	7.85651	15.30000
-13.62630	7.85651	15.30000
-12.68570	7.85651	15.30000
-11.74520	7.85651	14.10000
-10.80470	7.85651	11.50000
-9.86420	7.85651	11.50000
-8.92368	7.85651	10.90000
-7.98317	7.85651	15.30000
-7.04265	7.85651	15.30000
-6.10214	7.85651	14.10000
-5.16162	7.85651	14.10000
-4.22111	7.85651	15.30000
-3.28059	7.85651	15.30000
-2.34008	7.85651	15.30000
-1.39956	7.85651	15.30000
-0.45904	7.85651	11.50000
0.48147	7.85651	14.10000
1.42198	7.85651	10.90000
2.36250	7.85651	8.95000
3.30301	7.85651	8.95000
4.24353	7.85651	10.20000
5.18405	7.85651	15.30000
6.12456	7.85651	15.30000
-23.03140	8.44564	15.30000
-22.09090	8.44564	15.30000
-21.15040	8.44564	15.30000
-20.20990	8.44564	15.30000
-19.26930	8.44564	15.30000
-18.32880	8.44564	15.30000
-17.38830	8.44564	15.30000
-16.44780	8.44564	15.30000
-15.50730	8.44564	15.30000
-14.56680	8.44564	15.30000
-13.62630	8.44564	12.80000
-12.68570	8.44564	15.30000
-11.74520	8.44564	15.30000
-10.80470	8.44564	11.50000
-9.86420	8.44564	12.80000
-8.92368	8.44564	9.59000
-7.98317	8.44564	12.80000
-7.04265	8.44564	12.80000
-6.10214	8.44564	14.10000
-5.16162	8.44564	14.10000
-4.22111	8.44564	14.10000
-3.28059	8.44564	15.30000
-2.34008	8.44564	15.30000
-1.39956	8.44564	15.30000
-0.45904	8.44564	10.90000
0.48147	8.44564	10.20000
1.42198	8.44564	11.50000
2.36250	8.44564	10.20000
3.30301	8.44564	10.20000
4.24353	8.44564	12.80000
5.18405	8.44564	14.10000
6.12456	8.44564	11.50000
-23.03140	9.03476	15.30000
-22.09090	9.03476	15.30000
-21.15040	9.03476	15.30000
-20.20990	9.03476	15.30000
-19.26930	9.03476	15.30000
-18.32880	9.03476	15.30000
-17.38830	9.03476	15.30000
-16.44780	9.03476	15.30000
-15.50730	9.03476	15.30000
-14.56680	9.03476	15.30000
-13.62630	9.03476	15.30000
-12.68570	9.03476	15.30000
-11.74520	9.03476	15.30000
-10.80470	9.03476	14.10000
-9.86420	9.03476	10.90000
-8.92368	9.03476	8.95000
-7.98317	9.03476	11.50000
-7.04265	9.03476	14.10000
-6.10214	9.03476	15.30000
-5.16162	9.03476	10.90000
-4.22111	9.03476	12.80000
-3.28059	9.03476	15.30000
-2.34008	9.03476	15.30000
-1.39956	9.03476	15.30000
-0.45904	9.03476	12.80000
0.48147	9.03476	8.95000
1.42198	9.03476	10.90000
2.36250	9.03476	14.10000
3.30301	9.03476	12.80000
4.24353	9.03476	10.90000
5.18405	9.03476	14.10000
6.12456	9.03476	15.30000
-23.03140	9.62389	15.30000
-22.09090	9.62389	15.30000
-21.15040	9.62389	15.30000
-20.20990	9.62389	15.30000
-19.26930	9.62389	15.30000
-18.32880	9.62389	15.30000
-17.38830	9.62389	15.30000
-16.44780	9.62389	15.30000
-15.50730	9.62389	15.30000
-14.56680	9.62389	15.30000
-13.62630	9.62389	15.30000
-12.68570	9.62389	15.30000
-11.74520	9.62389	15.30000
-10.80470	9.62389	14.10000
-9.86420	9.62389	10.20000
-8.92368	9.62389	9.59000
-7.98317	9.62389	10.20000
-7.04265	9.62389	15.30000
-6.10214	9.62389	15.30000
-5.16162	9.62389	14.10000
-4.22111	9.62389	12.80000
-3.28059	9.62389	15.30000
-2.34008	9.62389	15.30000
-1.39956	9.62389	15.30000
-0.45904	9.62389	15.30000
0.48147	9.62389	11.50000
1.42198	9.62389	11.50000
2.36250	9.62389	15.30000
3.30301	9.62389	15.30000
4.24353	9.62389	14.10000
5.18405	9.62389	15.30000
6.12456	9.62389	15.30000
-23.03140	10.21300	15.30000
-22.09090	10.21300	15.30000
-21.15040	10.21300	15.30000
-20.20990	10.21300	15.30000
-19.26930	10.21300	15.30000
-18.32880	10.21300	15.30000
-17.38830	10.21300	15.30000
-16.44780	10.21300	15.30000
-15.50730	10.21300	15.30000
-14.56680	10.21300	15.30000
-13.62630	10.21300	15.30000
-12.68570	10.21300	15.30000
-11.74520	10.21300	15.30000
-10.80470	10.21300	14.10000
-9.86420	10.21300	15.30000
-8.92368	10.21300	15.30000
-7.98317	10.21300	12.80000
-7.04265	10.21300	14.10000
-6.10214	10.21300	15.30000
-5.16162	10.21300	14.10000
-4.22111	10.21300	14.10000
-3.28059	10.21300	14.10000
-2.34008	10.21300	15.30000
-1.39956	10.21300	15.30000
-0.45904	10.21300	15.30000
0.48147	10.21300	15.30000
1.42198	10.21300	12.80000
2.36250	10.21300	15.30000
3.30301	10.21300	15.30000
4.24353	10.21300	15.30000
5.18405	10.21300	15.30000
6.12456	10.21300	15.30000
-23.03140	10.80210	15.30000
-22.09090	10.80210	15.30000
-21.15040	10.80210	15.30000
-20.20990	10.80210	15.30000
-19.26930	10.80210	15.30000
-18.32880	10.80210	15.30000
-17.38830	10.80210	15.30000
-16.44780	10.80210	15.30000
-15.50730	10.80210	15.30000
-14.56680	10.80210	15.30000
-13.62630	10.80210	15.30000
-12.68570	10.80210	15.30000
-11.74520	10.80210	15.30000
-10.80470	10.80210	15.30000
-9.86420	10.80210	12.80000
-8.92368	10.80210	15.30000
-7.98317	10.80210	15.30000
-7.04265	10.80210	15.30000
-6.10214	10.80210	15.30000
-5.16162	10.80210	15.30000
-4.22111	10.80210	15.30000
-3.28059	10.80210	15.30000
-2.34008	10.80210	14.10000
-1.39956	10.80210	15.30000
-0.45904	10.80210	14.10000
0.48147	10.80210	15.30000
1.42198	10.80210	15.30000
2.36250	10.80210	15.30000
3.30301	10.80210	15.30000
4.24353	10.80210	15.30000
5.18405	10.80210	15.30000
6.12456	10.80210	15.30000
-23.03140	11.39130	15.30000
-22.09090	11.39130	15.30000
-21.15040	11.39130	15.30000
-20.20990	11.39130	15.30000
-19.26930	11.39130	15.30000
-18.32880	11.39130	15.30000
-17.38830	11.39130	15.30000
-16.44780	11.39130	15.30000
-15.50730	11.39130	15.30000
-14.56680	11.39130	15.30000
-13.62630	11.39130	15.30000
-12.68570	11.39130	15.30000
-11.74520	11.39130	15.30000
-10.80470	11.39130	15.30000
-9.86420	11.39130	15.30000
-8.92368	11.39130	15.30000
-7.98317	11.39130	14.10000
-7.04265	11.39130	15.30000
-6.10214	11.39130	15.30000
-5.16162	11.39130	15.30000
-4.22111	11.39130	15.30000
-3.28059	11.39130	15.30000
-2.34008	11.39130	15.30000
-1.39956	11.39130	14.10000
-0.45904	11.39130	15.30000
0.48147	11.39130	14.10000
1.42198	11.39130	15.30000
2.36250	11.39130	15.30000
3.30301	11.39130	15.30000
4.24353	11.39130	15.30000
5.18405	11.39130	15.30000
6.12456	11.39130	15.30000
-23.03140	11.98040	15.30000
-22.09090	11.98040	15.30000
-21.15040	11.98040	15.30000
-20.20990	11.98040	15.30000
-19.26930	11.98040	15.30000
-18.32880	11.98040	15.30000
-17.38830	11.98040	15.30000
-16.44780	11.98040	15.30000
-15.50730	11.98040	15.30000
-14.56680	11.98040	15.30000
-13.62630	11.98040	15.30000
-12.68570	11.98040	15.30000
-11.74520	11.98040	15.30000
-10.80470	11.98040	15.30000
-9.86420	11.98040	15.30000
-8.92368	11.98040	15.30000
-7.98317	11.98040	15.30000
-7.04265	11.98040	15.30000
-6.10214	11.98040	15.30000
-5.16162	11.98040	15.30000
-4.22111	11.98040	15.30000
-3.28059	11.98040	15.30000
-2.34008	11.98040	15.30000
-1.39956	11.98040	15.30000
-0.45904	11.98040	14.10000
0.48147	11.98040	14.10000
1.42198	11.98040	15.30000
2.36250	11.98040	15.30000
3.30301	11.98040	15.30000
4.24353	11.98040	15.30000
5.18405	11.98040	15.30000
6.12456	11.98040	15.30000
