-11.55550	-7.66143	10.60000
-10.89360	-7.66143	10.60000
-10.23170	-7.66143	10.60000
-9.56982	-7.66143	10.60000
-8.90792	-7.66143	10.60000
-8.24603	-7.66143	10.60000
-7.58414	-7.66143	10.60000
-6.92224	-7.66143	10.60000
-6.26035	-7.66143	10.60000
-5.59846	-7.66143	9.71000
-4.93656	-7.66143	10.60000
-4.27467	-7.66143	10.60000
-3.61277	-7.66143	10.60000
-2.95088	-7.66143	10.60000
-2.28899	-7.66143	10.60000
-1.62709	-7.66143	10.60000
-0.96520	-7.66143	10.60000
-0.30331	-7.66143	10.60000
0.35859	-7.66143	10.60000
1.02048	-7.66143	10.60000
1.68237	-7.66143	10.60000
2.34427	-7.66143	10.60000
3.00616	-7.66143	10.60000
3.66806	-7.66143	10.60000
4.32995	-7.66143	10.60000
4.99184	-7.66143	10.60000
5.65374	-7.66143	10.60000
6.31563	-7.66143	10.60000
6.97752	-7.66143	10.60000
7.63942	-7.66143	10.60000
8.30131	-7.66143	10.60000
8.96320	-7.66143	10.60000
-11.55550	-7.00255	10.60000
-10.89360	-7.00255	10.60000
-10.23170	-7.00255	10.60000
-9.56982	-7.00255	10.60000
-8.90792	-7.00255	10.60000
-8.24603	-7.00255	10.60000
-7.58414	-7.00255	10.60000
-6.92224	-7.00255	10.60000
-6.26035	-7.00255	10.60000
-5.59846	-7.00255	10.60000
-4.93656	-7.00255	9.71000
-4.27467	-7.00255	9.71000
-3.61277	-7.00255	9.71000
-2.95088	-7.00255	10.60000
-2.28899	-7.00255	10.60000
-1.62709	-7.00255	9.71000
-0.96520	-7.00255	10.60000
-0.30331	-7.00255	7.95000
0.35859	-7.00255	10.60000
1.02048	-7.00255	10.60000
1.68237	-7.00255	10.60000
2.34427	-7.00255	10.60000
3.00616	-7.00255	10.60000
3.66806	-7.00255	10.60000
4.32995	-7.00255	10.60000
4.99184	-7.00255	10.60000
5.65374	-7.00255	10.60000
6.31563	-7.00255	10.60000
6.97752	-7.00255	10.60000
7.63942	-7.00255	10.60000
8.30131	-7.00255	10.60000
8.96320	-7.00255	10.60000
-11.55550	-6.34367	10.60000
-10.89360	-6.34367	10.60000
-10.23170	-6.34367	10.60000
-9.56982	-6.34367	10.60000
-8.90792	-6.34367	10.60000
-8.24603	-6.34367	10.60000
-7.58414	-6.34367	10.60000
-6.92224	-6.34367	10.60000
-6.26035	-6.34367	10.60000
-5.59846	-6.34367	7.06000
-4.93656	-6.34367	7.06000
-4.27467	-6.34367	7.06000
-3.61277	-6.34367	9.71000
-2.95088	-6.34367	6.18000
-2.28899	-6.34367	9.71000
-1.62709	-6.34367	6.18000
-0.96520	-6.34367	6.18000
-0.30331	-6.34367	10.60000
0.35859	-6.34367	9.71000
1.02048	-6.34367	10.60000
1.68237	-6.34367	9.71000
2.34427	-6.34367	10.60000
3.00616	-6.34367	10.60000
3.66806	-6.34367	10.60000
4.32995	-6.34367	10.60000
4.99184	-6.34367	10.60000
5.65374	-6.34367	10.60000
6.31563	-6.34367	10.60000
6.97752	-6.34367	10.60000
7.63942	-6.34367	10.60000
8.30131	-6.34367	10.60000
8.96320	-6.34367	10.60000
-11.55550	-5.68480	10.60000
-10.89360	-5.68480	10.60000
-10.23170	-5.68480	10.60000
-9.56982	-5.68480	10.60000
-8.90792	-5.68480	10.60000
-8.24603	-5.68480	10.60000
-7.58414	-5.68480	10.60000
-6.92224	-5.68480	7.95000
-6.26035	-5.68480	10.60000
-5.59846	-5.68480	4.86000
-4.93656	-5.68480	4.42000
-4.27467	-5.68480	5.74000
-3.61277	-5.68480	7.95000
-2.95088	-5.68480	6.18000
-2.28899	-5.68480	7.06000
-1.62709	-5.68480	3.97000
-0.96520	-5.68480	4.86000
-0.30331	-5.68480	6.18000
0.35859	-5.68480	6.18000
1.02048	-5.68480	7.06000
1.68237	-5.68480	9.71000
2.34427	-5.68480	10.60000
3.00616	-5.68480	10.60000
3.66806	-5.68480	10.60000
4.32995	-5.68480	10.60000
4.99184	-5.68480	10.60000
5.65374	-5.68480	10.60000
6.31563	-5.68480	10.60000
6.97752	-5.68480	10.60000
7.63942	-5.68480	10.60000
8.30131	-5.68480	10.60000
8.96320	-5.68480	10.60000
-11.55550	-5.02592	10.60000
-10.89360	-5.02592	9.71000
-10.23170	-5.02592	10.60000
-9.56982	-5.02592	9.71000
-8.90792	-5.02592	7.95000
-8.24603	-5.02592	7.06000
-7.58414	-5.02592	7.06000
-6.92224	-5.02592	9.71000
-6.26035	-5.02592	7.06000
-5.59846	-5.02592	4.86000
-4.93656	-5.02592	5.74000
-4.27467	-5.02592	9.71000
-3.61277	-5.02592	5.30000
-2.95088	-5.02592	4.86000
-2.28899	-5.02592	5.74000
-1.62709	-5.02592	1.77000
-0.96520	-5.02592	3.53000
-0.30331	-5.02592	3.09000
0.35859	-5.02592	2.65000
1.02048	-5.02592	2.65000
1.68237	-5.02592	3.53000
2.34427	-5.02592	7.95000
3.00616	-5.02592	7.95000
3.66806	-5.02592	10.60000
4.32995	-5.02592	10.60000
4.99184	-5.02592	10.60000
5.65374	-5.02592	10.60000
6.31563	-5.02592	10.60000
6.97752	-5.02592	10.60000
7.63942	-5.02592	10.60000
8.30131	-5.02592	10.60000
8.96320	-5.02592	10.60000
-11.55550	-4.36705	10.60000
-10.89360	-4.36705	10.60000
-10.23170	-4.36705	10.60000
-9.56982	-4.36705	9.71000
-8.90792	-4.36705	9.71000
-8.24603	-4.36705	6.18000
-7.58414	-4.36705	9.71000
-6.92224	-4.36705	6.18000
-6.26035	-4.36705	3.53000
-5.59846	-4.36705	5.74000
-4.93656	-4.36705	5.30000
-4.27467	-4.36705	4.86000
-3.61277	-4.36705	3.53000
-2.95088	-4.36705	3.53000
-2.28899	-4.36705	3.97000
-1.62709	-4.36705	3.09000
-0.96520	-4.36705	0.44200
-0.30331	-4.36705	1.77000
0.35859	-4.36705	1.77000
1.02048	-4.36705	1.77000
1.68237	-4.36705	2.65000
2.34427	-4.36705	3.97000
3.00616	-4.36705	9.71000
3.66806	-4.36705	10.60000
4.32995	-4.36705	10.60000
4.99184	-4.36705	10.60000
5.65374	-4.36705	10.60000
6.31563	-4.36705	10.60000
6.97752	-4.36705	10.60000
7.63942	-4.36705	10.60000
8.30131	-4.36705	10.60000
8.96320	-4.36705	10.60000
-11.55550	-3.70817	10.60000
-10.89360	-3.70817	10.60000
-10.23170	-3.70817	10.60000
-9.56982	-3.70817	9.71000
-8.90792	-3.70817	7.95000
-8.24603	-3.70817	10.60000
-7.58414	-3.70817	5.30000
-6.92224	-3.70817	3.09000
-6.26035	-3.70817	7.06000
-5.59846	-3.70817	6.18000
-4.93656	-3.70817	3.09000
-4.27467	-3.70817	3.97000
-3.61277	-3.70817	4.42000
-2.95088	-3.70817	3.09000
-2.28899	-3.70817	4.42000
-1.62709	-3.70817	3.09000
-0.96520	-3.70817	0.88300
-0.30331	-3.70817	0.44200
0.35859	-3.70817	1.77000
1.02048	-3.70817	0.88300
1.68237	-3.70817	0.44200
2.34427	-3.70817	1.77000
3.00616	-3.70817	4.86000
3.66806	-3.70817	9.71000
4.32995	-3.70817	9.71000
4.99184	-3.70817	10.60000
5.65374	-3.70817	10.60000
6.31563	-3.70817	10.60000
6.97752	-3.70817	10.60000
7.63942	-3.70817	10.60000
8.30131	-3.70817	10.60000
8.96320	-3.70817	10.60000
-11.55550	-3.04929	10.60000
-10.89360	-3.04929	10.60000
-10.23170	-3.04929	10.60000
-9.56982	-3.04929	10.60000
-8.90792	-3.04929	9.71000
-8.24603	-3.04929	10.60000
-7.58414	-3.04929	5.30000
-6.92224	-3.04929	5.30000
-6.26035	-3.04929	5.74000
-5.59846	-3.04929	5.30000
-4.93656	-3.04929	4.86000
-4.27467	-3.04929	3.09000
-3.61277	-3.04929	2.65000
-2.95088	-3.04929	3.97000
-2.28899	-3.04929	3.09000
-1.62709	-3.04929	0.88300
-0.96520	-3.04929	1.32000
-0.30331	-3.04929	1.77000
0.35859	-3.04929	1.32000
1.02048	-3.04929	0.44200
1.68237	-3.04929	0.00000
2.34427	-3.04929	0.88300
3.00616	-3.04929	3.97000
3.66806	-3.04929	5.74000
4.32995	-3.04929	6.18000
4.99184	-3.04929	10.60000
5.65374	-3.04929	9.71000
6.31563	-3.04929	10.60000
6.97752	-3.04929	10.60000
7.63942	-3.04929	10.60000
8.30131	-3.04929	10.60000
8.96320	-3.04929	10.60000
-11.55550	-2.39042	10.60000
-10.89360	-2.39042	10.60000
-10.23170	-2.39042	10.60000
-9.56982	-2.39042	9.71000
-8.90792	-2.39042	7.95000
-8.24603	-2.39042	6.18000
-7.58414	-2.39042	6.18000
-6.92224	-2.39042	5.74000
-6.26035	-2.39042	5.74000
-5.59846	-2.39042	5.74000
-4.93656	-2.39042	5.74000
-4.27467	-2.39042	4.86000
-3.61277	-2.39042	2.65000
-2.95088	-2.39042	1.32000
-2.28899	-2.39042	0.88300
-1.62709	-2.39042	1.32000
-0.96520	-2.39042	0.00000
-0.30331	-2.39042	1.32000
0.35859	-2.39042	0.88300
1.02048	-2.39042	0.88300
1.68237	-2.39042	0.88300
2.34427	-2.39042	1.32000
3.00616	-2.39042	2.65000
3.66806	-2.39042	3.97000
4.32995	-2.39042	7.95000
4.99184	-2.39042	7.06000
5.65374	-2.39042	7.95000
6.31563	-2.39042	10.60000
6.97752	-2.39042	10.60000
7.63942	-2.39042	10.60000
8.30131	-2.39042	10.60000
8.96320	-2.39042	10.60000
-11.55550	-1.73154	10.60000
-10.89360	-1.73154	10.60000
-10.23170	-1.73154	9.71000
-9.56982	-1.73154	9.71000
-8.90792	-1.73154	10.60000
-8.24603	-1.73154	7.95000
-7.58414	-1.73154	5.30000
-6.92224	-1.73154	3.97000
-6.26035	-1.73154	5.30000
-5.59846	-1.73154	5.74000
-4.93656	-1.73154	4.86000
-4.27467	-1.73154	5.74000
-3.61277	-1.73154	4.42000
-2.95088	-1.73154	0.88300
-2.28899	-1.73154	0.44200
-1.62709	-1.73154	0.00000
-0.96520	-1.73154	0.00000
-0.30331	-1.73154	1.32000
0.35859	-1.73154	1.32000
1.02048	-1.73154	0.44200
1.68237	-1.73154	1.32000
2.34427	-1.73154	3.09000
3.00616	-1.73154	3.53000
3.66806	-1.73154	3.09000
4.32995	-1.73154	3.97000
4.99184	-1.73154	3.09000
5.65374	-1.73154	3.97000
6.31563	-1.73154	7.95000
6.97752	-1.73154	10.60000
7.63942	-1.73154	10.60000
8.30131	-1.73154	10.60000
8.96320	-1.73154	10.60000
-11.55550	-1.07267	10.60000
-10.89360	-1.07267	10.60000
-10.23170	-1.07267	10.60000
-9.56982	-1.07267	7.95000
-8.90792	-1.07267	6.18000
-8.24603	-1.07267	5.74000
-7.58414	-1.07267	7.06000
-6.92224	-1.07267	3.97000
-6.26035	-1.07267	3.53000
-5.59846	-1.07267	3.97000
-4.93656	-1.07267	7.06000
-4.27467	-1.07267	3.97000
-3.61277	-1.07267	2.65000
-2.95088	-1.07267	2.65000
-2.28899	-1.07267	0.88300
-1.62709	-1.07267	0.44200
-0.96520	-1.07267	0.44200
-0.30331	-1.07267	0.88300
0.35859	-1.07267	1.32000
1.02048	-1.07267	0.88300
1.68237	-1.07267	1.32000
2.34427	-1.07267	1.77000
3.00616	-1.07267	3.97000
3.66806	-1.07267	4.86000
4.32995	-1.07267	5.30000
4.99184	-1.07267	3.97000
5.65374	-1.07267	3.53000
6.31563	-1.07267	4.86000
6.97752	-1.07267	7.95000
7.63942	-1.07267	10.60000
8.30131	-1.07267	10.60000
8.96320	-1.07267	10.60000
-11.55550	-0.41379	10.60000
-10.89360	-0.41379	10.60000
-10.23170	-0.41379	10.60000
-9.56982	-0.41379	10.60000
-8.90792	-0.41379	7.95000
-8.24603	-0.41379	5.74000
-7.58414	-0.41379	3.53000
-6.92224	-0.41379	4.86000
-6.26035	-0.41379	3.09000
-5.59846	-0.41379	3.09000
-4.93656	-0.41379	2.65000
-4.27467	-0.41379	3.09000
-3.61277	-0.41379	3.09000
-2.95088	-0.41379	2.65000
-2.28899	-0.41379	1.77000
-1.62709	-0.41379	0.00000
-0.96520	-0.41379	0.88300
-0.30331	-0.41379	1.32000
0.35859	-0.41379	0.88300
1.02048	-0.41379	0.88300
1.68237	-0.41379	0.88300
2.34427	-0.41379	1.32000
3.00616	-0.41379	3.09000
3.66806	-0.41379	3.53000
4.32995	-0.41379	3.97000
4.99184	-0.41379	1.77000
5.65374	-0.41379	2.21000
6.31563	-0.41379	3.09000
6.97752	-0.41379	6.18000
7.63942	-0.41379	7.95000
8.30131	-0.41379	10.60000
8.96320	-0.41379	10.60000
-11.55550	0.24509	9.71000
-10.89360	0.24509	10.60000
-10.23170	0.24509	10.60000
-9.56982	0.24509	9.71000
-8.90792	0.24509	9.71000
-8.24603	0.24509	7.95000
-7.58414	0.24509	5.74000
-6.92224	0.24509	3.09000
-6.26035	0.24509	3.97000
-5.59846	0.24509	3.97000
-4.93656	0.24509	2.65000
-4.27467	0.24509	3.09000
-3.61277	0.24509	1.77000
-2.95088	0.24509	3.09000
-2.28899	0.24509	1.32000
-1.62709	0.24509	0.88300
-0.96520	0.24509	0.44200
-0.30331	0.24509	0.88300
0.35859	0.24509	2.21000
1.02048	0.24509	1.77000
1.68237	0.24509	0.00000
2.34427	0.24509	0.44200
3.00616	0.24509	2.21000
3.66806	0.24509	2.65000
4.32995	0.24509	2.65000
4.99184	0.24509	1.32000
5.65374	0.24509	0.88300
6.31563	0.24509	1.32000
6.97752	0.24509	3.09000
7.63942	0.24509	7.95000
8.30131	0.24509	9.71000
8.96320	0.24509	9.71000
-11.55550	0.90396	9.71000
-10.89360	0.90396	9.71000
-10.23170	0.90396	10.60000
-9.56982	0.90396	7.95000
-8.90792	0.90396	7.95000
-8.24603	0.90396	10.60000
-7.58414	0.90396	7.95000
-6.92224	0.90396	7.06000
-6.26035	0.90396	7.06000
-5.59846	0.90396	3.53000
-4.93656	0.90396	2.65000
-4.27467	0.90396	1.32000
-3.61277	0.90396	3.97000
-2.95088	0.90396	1.77000
-2.28899	0.90396	2.65000
-1.62709	0.90396	1.32000
-0.96520	0.90396	1.77000
-0.30331	0.90396	2.21000
0.35859	0.90396	1.77000
1.02048	0.90396	2.21000
1.68237	0.90396	0.88300
2.34427	0.90396	0.88300
3.00616	0.90396	2.21000
3.66806	0.90396	3.53000
4.32995	0.90396	2.21000
4.99184	0.90396	1.77000
5.65374	0.90396	0.44200
6.31563	0.90396	0.00000
6.97752	0.90396	2.21000
7.63942	0.90396	6.18000
8.30131	0.90396	10.60000
8.96320	0.90396	10.60000
-11.55550	1.56284	9.71000
-10.89360	1.56284	10.60000
-10.23170	1.56284	9.71000
-9.56982	1.56284	6.18000
-8.90792	1.56284	7.95000
-8.24603	1.56284	7.95000
-7.58414	1.56284	6.18000
-6.92224	1.56284	5.74000
-6.26035	1.56284	7.95000
-5.59846	1.56284	5.30000
-4.93656	1.56284	3.53000
-4.27467	1.56284	1.32000
-3.61277	1.56284	2.65000
-2.95088	1.56284	3.09000
-2.28899	1.56284	3.09000
-1.62709	1.56284	2.21000
-0.96520	1.56284	2.21000
-0.30331	1.56284	3.09000
0.35859	1.56284	3.97000
1.02048	1.56284	3.09000
1.68237	1.56284	2.21000
2.34427	1.56284	1.32000
3.00616	1.56284	1.77000
3.66806	1.56284	2.21000
4.32995	1.56284	2.21000
4.99184	1.56284	0.88300
5.65374	1.56284	0.00000
6.31563	1.56284	0.44200
6.97752	1.56284	2.21000
7.63942	1.56284	3.97000
8.30131	1.56284	9.71000
8.96320	1.56284	10.60000
-11.55550	2.22171	9.71000
-10.89360	2.22171	7.06000
-10.23170	2.22171	10.60000
-9.56982	2.22171	5.74000
-8.90792	2.22171	9.71000
-8.24603	2.22171	7.95000
-7.58414	2.22171	3.97000
-6.92224	2.22171	6.18000
-6.26035	2.22171	6.18000
-5.59846	2.22171	7.95000
-4.93656	2.22171	5.74000
-4.27467	2.22171	3.97000
-3.61277	2.22171	3.53000
-2.95088	2.22171	3.53000
-2.28899	2.22171	3.97000
-1.62709	2.22171	3.97000
-0.96520	2.22171	4.86000
-0.30331	2.22171	3.09000
0.35859	2.22171	4.86000
1.02048	2.22171	5.30000
1.68237	2.22171	7.95000
2.34427	2.22171	2.65000
3.00616	2.22171	3.53000
3.66806	2.22171	3.09000
4.32995	2.22171	2.65000
4.99184	2.22171	1.32000
5.65374	2.22171	2.21000
6.31563	2.22171	3.97000
6.97752	2.22171	3.09000
7.63942	2.22171	7.06000
8.30131	2.22171	9.71000
8.96320	2.22171	10.60000
-11.55550	2.88059	10.60000
-10.89360	2.88059	10.60000
-10.23170	2.88059	9.71000
-9.56982	2.88059	7.06000
-8.90792	2.88059	9.71000
-8.24603	2.88059	7.06000
-7.58414	2.88059	5.74000
-6.92224	2.88059	3.97000
-6.26035	2.88059	6.18000
-5.59846	2.88059	7.95000
-4.93656	2.88059	7.95000
-4.27467	2.88059	5.30000
-3.61277	2.88059	9.71000
-2.95088	2.88059	6.18000
-2.28899	2.88059	6.18000
-1.62709	2.88059	5.30000
-0.96520	2.88059	5.74000
-0.30331	2.88059	5.30000
0.35859	2.88059	3.53000
1.02048	2.88059	3.53000
1.68237	2.88059	7.95000
2.34427	2.88059	9.71000
3.00616	2.88059	6.18000
3.66806	2.88059	4.86000
4.32995	2.88059	4.42000
4.99184	2.88059	4.86000
5.65374	2.88059	3.53000
6.31563	2.88059	3.97000
6.97752	2.88059	6.18000
7.63942	2.88059	9.71000
8.30131	2.88059	10.60000
8.96320	2.88059	10.60000
-11.55550	3.53947	10.60000
-10.89360	3.53947	10.60000
-10.23170	3.53947	10.60000
-9.56982	3.53947	9.71000
-8.90792	3.53947	7.95000
-8.24603	3.53947	10.60000
-7.58414	3.53947	5.74000
-6.92224	3.53947	5.74000
-6.26035	3.53947	6.18000
-5.59846	3.53947	9.71000
-4.93656	3.53947	9.71000
-4.27467	3.53947	10.60000
-3.61277	3.53947	9.71000
-2.95088	3.53947	10.60000
-2.28899	3.53947	6.18000
-1.62709	3.53947	9.71000
-0.96520	3.53947	7.95000
-0.30331	3.53947	7.95000
0.35859	3.53947	5.74000
1.02048	3.53947	4.86000
1.68237	3.53947	5.74000
2.34427	3.53947	10.60000
3.00616	3.53947	10.60000
3.66806	3.53947	9.71000
4.32995	3.53947	7.95000
4.99184	3.53947	6.18000
5.65374	3.53947	4.42000
6.31563	3.53947	7.95000
6.97752	3.53947	9.71000
7.63942	3.53947	10.60000
8.30131	3.53947	10.60000
8.96320	3.53947	10.60000
-11.55550	4.19834	10.60000
-10.89360	4.19834	10.60000
-10.23170	4.19834	10.60000
-9.56982	4.19834	10.60000
-8.90792	4.19834	10.60000
-8.24603	4.19834	7.06000
-7.58414	4.19834	5.74000
-6.92224	4.19834	10.60000
-6.26035	4.19834	7.95000
-5.59846	4.19834	9.71000
-4.93656	4.19834	7.95000
-4.27467	4.19834	6.18000
-3.61277	4.19834	9.71000
-2.95088	4.19834	7.95000
-2.28899	4.19834	5.30000
-1.62709	4.19834	7.95000
-0.96520	4.19834	9.71000
-0.30331	4.19834	9.71000
0.35859	4.19834	7.95000
1.02048	4.19834	10.60000
1.68237	4.19834	5.74000
2.34427	4.19834	9.71000
3.00616	4.19834	10.60000
3.66806	4.19834	10.60000
4.32995	4.19834	10.60000
4.99184	4.19834	9.71000
5.65374	4.19834	7.95000
6.31563	4.19834	9.71000
6.97752	4.19834	9.71000
7.63942	4.19834	10.60000
8.30131	4.19834	10.60000
8.96320	4.19834	10.60000
-11.55550	4.85722	10.60000
-10.89360	4.85722	10.60000
-10.23170	4.85722	10.60000
-9.56982	4.85722	10.60000
-8.90792	4.85722	9.71000
-8.24603	4.85722	9.71000
-7.58414	4.85722	10.60000
-6.92224	4.85722	9.71000
-6.26035	4.85722	5.74000
-5.59846	4.85722	7.95000
-4.93656	4.85722	9.71000
-4.27467	4.85722	10.60000
-3.61277	4.85722	5.30000
-2.95088	4.85722	5.30000
-2.28899	4.85722	5.74000
-1.62709	4.85722	6.18000
-0.96520	4.85722	9.71000
-0.30331	4.85722	10.60000
0.35859	4.85722	10.60000
1.02048	4.85722	10.60000
1.68237	4.85722	10.60000
2.34427	4.85722	10.60000
3.00616	4.85722	10.60000
3.66806	4.85722	10.60000
4.32995	4.85722	10.60000
4.99184	4.85722	10.60000
5.65374	4.85722	9.71000
6.31563	4.85722	10.60000
6.97752	4.85722	10.60000
7.63942	4.85722	10.60000
8.30131	4.85722	10.60000
8.96320	4.85722	10.60000
-11.55550	5.51609	10.60000
-10.89360	5.51609	10.60000
-10.23170	5.51609	10.60000
-9.56982	5.51609	10.60000
-8.90792	5.51609	7.95000
-8.24603	5.51609	9.71000
-7.58414	5.51609	10.60000
-6.92224	5.51609	10.60000
-6.26035	5.51609	10.60000
-5.59846	5.51609	10.60000
-4.93656	5.51609	9.71000
-4.27467	5.51609	7.06000
-3.61277	5.51609	7.95000
-2.95088	5.51609	3.97000
-2.28899	5.51609	5.74000
-1.62709	5.51609	9.71000
-0.96520	5.51609	9.71000
-0.30331	5.51609	7.95000
0.35859	5.51609	10.60000
1.02048	5.51609	10.60000
1.68237	5.51609	10.60000
2.34427	5.51609	10.60000
3.00616	5.51609	10.60000
3.66806	5.51609	10.60000
4.32995	5.51609	10.60000
4.99184	5.51609	10.60000
5.65374	5.51609	10.60000
6.31563	5.51609	10.60000
6.97752	5.51609	10.60000
7.63942	5.51609	10.60000
8.30131	5.51609	10.60000
8.96320	5.51609	10.60000
-11.55550	6.17497	10.60000
-10.89360	6.17497	10.60000
-10.23170	6.17497	10.60000
-9.56982	6.17497	10.60000
-8.90792	6.17497	7.95000
-8.24603	6.17497	7.06000
-7.58414	6.17497	9.71000
-6.92224	6.17497	7.95000
-6.26035	6.17497	7.95000
-5.59846	6.17497	9.71000
-4.93656	6.17497	9.71000
-4.27467	6.17497	10.60000
-3.61277	6.17497	9.71000
-2.95088	6.17497	5.74000
-2.28899	6.17497	7.06000
-1.62709	6.17497	9.71000
-0.96520	6.17497	10.60000
-0.30331	6.17497	10.60000
0.35859	6.17497	10.60000
1.02048	6.17497	10.60000
1.68237	6.17497	10.60000
2.34427	6.17497	10.60000
3.00616	6.17497	10.60000
3.66806	6.17497	10.60000
4.32995	6.17497	10.60000
4.99184	6.17497	10.60000
5.65374	6.17497	10.60000
6.31563	6.17497	10.60000
6.97752	6.17497	10.60000
7.63942	6.17497	10.60000
8.30131	6.17497	10.60000
8.96320	6.17497	10.60000
-11.55550	6.83385	10.60000
-10.89360	6.83385	10.60000
-10.23170	6.83385	10.60000
-9.56982	6.83385	10.60000
-8.90792	6.83385	10.60000
-8.24603	6.83385	5.30000
-7.58414	6.83385	7.95000
-6.92224	6.83385	5.74000
-6.26035	6.83385	5.74000
-5.59846	6.83385	4.86000
-4.93656	6.83385	7.95000
-4.27467	6.83385	9.71000
-3.61277	6.83385	9.71000
-2.95088	6.83385	7.06000
-2.28899	6.83385	4.42000
-1.62709	6.83385	9.71000
-0.96520	6.83385	7.95000
-0.30331	6.83385	10.60000
0.35859	6.83385	10.60000
1.02048	6.83385	10.60000
1.68237	6.83385	10.60000
2.34427	6.83385	10.60000
3.00616	6.83385	10.60000
3.66806	6.83385	10.60000
4.32995	6.83385	10.60000
4.99184	6.83385	10.60000
5.65374	6.83385	10.60000
6.31563	6.83385	10.60000
6.97752	6.83385	10.60000
7.63942	6.83385	10.60000
8.30131	6.83385	10.60000
8.96320	6.83385	10.60000
-11.55550	7.49272	10.60000
-10.89360	7.49272	10.60000
-10.23170	7.49272	10.60000
-9.56982	7.49272	10.60000
-8.90792	7.49272	9.71000
-8.24603	7.49272	7.95000
-7.58414	7.49272	7.95000
-6.92224	7.49272	7.06000
-6.26035	7.49272	7.95000
-5.59846	7.49272	5.74000
-4.93656	7.49272	5.74000
-4.27467	7.49272	7.06000
-3.61277	7.49272	10.60000
-2.95088	7.49272	9.71000
-2.28899	7.49272	7.06000
-1.62709	7.49272	5.30000
-0.96520	7.49272	6.18000
-0.30331	7.49272	9.71000
0.35859	7.49272	10.60000
1.02048	7.49272	10.60000
1.68237	7.49272	10.60000
2.34427	7.49272	10.60000
3.00616	7.49272	10.60000
3.66806	7.49272	10.60000
4.32995	7.49272	10.60000
4.99184	7.49272	10.60000
5.65374	7.49272	10.60000
6.31563	7.49272	10.60000
6.97752	7.49272	10.60000
7.63942	7.49272	10.60000
8.30131	7.49272	10.60000
8.96320	7.49272	10.60000
-11.55550	8.15160	10.60000
-10.89360	8.15160	10.60000
-10.23170	8.15160	10.60000
-9.56982	8.15160	10.60000
-8.90792	8.15160	9.71000
-8.24603	8.15160	10.60000
-7.58414	8.15160	10.60000
-6.92224	8.15160	9.71000
-6.26035	8.15160	7.06000
-5.59846	8.15160	7.06000
-4.93656	8.15160	5.74000
-4.27467	8.15160	7.06000
-3.61277	8.15160	9.71000
-2.95088	8.15160	6.18000
-2.28899	8.15160	7.95000
-1.62709	8.15160	3.53000
-0.96520	8.15160	6.18000
-0.30331	8.15160	9.71000
0.35859	8.15160	10.60000
1.02048	8.15160	10.60000
1.68237	8.15160	10.60000
2.34427	8.15160	10.60000
3.00616	8.15160	10.60000
3.66806	8.15160	10.60000
4.32995	8.15160	10.60000
4.99184	8.15160	10.60000
5.65374	8.15160	10.60000
6.31563	8.15160	10.60000
6.97752	8.15160	10.60000
7.63942	8.15160	10.60000
8.30131	8.15160	10.60000
8.96320	8.15160	10.60000
-11.55550	8.81047	10.60000
-10.89360	8.81047	10.60000
-10.23170	8.81047	10.60000
-9.56982	8.81047	10.60000
-8.90792	8.81047	10.60000
-8.24603	8.81047	10.60000
-7.58414	8.81047	10.60000
-6.92224	8.81047	9.71000
-6.26035	8.81047	9.71000
-5.59846	8.81047	7.95000
-4.93656	8.81047	6.18000
-4.27467	8.81047	5.74000
-3.61277	8.81047	9.71000
-2.95088	8.81047	6.18000
-2.28899	8.81047	5.30000
-1.62709	8.81047	3.97000
-0.96520	8.81047	7.95000
-0.30331	8.81047	10.60000
0.35859	8.81047	10.60000
1.02048	8.81047	10.60000
1.68237	8.81047	10.60000
2.34427	8.81047	10.60000
3.00616	8.81047	10.60000
3.66806	8.81047	10.60000
4.32995	8.81047	10.60000
4.99184	8.81047	10.60000
5.65374	8.81047	10.60000
6.31563	8.81047	10.60000
6.97752	8.81047	10.60000
7.63942	8.81047	10.60000
8.30131	8.81047	10.60000
8.96320	8.81047	10.60000
-11.55550	9.46935	10.60000
-10.89360	9.46935	10.60000
-10.23170	9.46935	10.60000
-9.56982	9.46935	10.60000
-8.90792	9.46935	10.60000
-8.24603	9.46935	10.60000
-7.58414	9.46935	10.60000
-6.92224	9.46935	10.60000
-6.26035	9.46935	10.60000
-5.59846	9.46935	9.71000
-4.93656	9.46935	7.95000
-4.27467	9.46935	7.95000
-3.61277	9.46935	7.06000
-2.95088	9.46935	7.06000
-2.28899	9.46935	3.97000
-1.62709	9.46935	4.42000
-0.96520	9.46935	9.71000
-0.30331	9.46935	6.18000
0.35859	9.46935	10.60000
1.02048	9.46935	10.60000
1.68237	9.46935	10.60000
2.34427	9.46935	10.60000
3.00616	9.46935	10.60000
3.66806	9.46935	10.60000
4.32995	9.46935	10.60000
4.99184	9.46935	10.60000
5.65374	9.46935	10.60000
6.31563	9.46935	10.60000
6.97752	9.46935	10.60000
7.63942	9.46935	10.60000
8.30131	9.46935	10.60000
8.96320	9.46935	10.60000
-11.55550	10.12820	10.60000
-10.89360	10.12820	10.60000
-10.23170	10.12820	10.60000
-9.56982	10.12820	10.60000
-8.90792	10.12820	10.60000
-8.24603	10.12820	10.60000
-7.58414	10.12820	10.60000
-6.92224	10.12820	10.60000
-6.26035	10.12820	10.60000
-5.59846	10.12820	10.60000
-4.93656	10.12820	10.60000
-4.27467	10.12820	10.60000
-3.61277	10.12820	7.95000
-2.95088	10.12820	9.71000
-2.28899	10.12820	7.06000
-1.62709	10.12820	9.71000
-0.96520	10.12820	7.06000
-0.30331	10.12820	10.60000
0.35859	10.12820	10.60000
1.02048	10.12820	10.60000
1.68237	10.12820	10.60000
2.34427	10.12820	10.60000
3.00616	10.12820	10.60000
3.66806	10.12820	10.60000
4.32995	10.12820	10.60000
4.99184	10.12820	10.60000
5.65374	10.12820	10.60000
6.31563	10.12820	10.60000
6.97752	10.12820	10.60000
7.63942	10.12820	10.60000
8.30131	10.12820	10.60000
8.96320	10.12820	10.60000
-11.55550	10.78710	10.60000
-10.89360	10.78710	10.60000
-10.23170	10.78710	10.60000
-9.56982	10.78710	10.60000
-8.90792	10.78710	10.60000
-8.24603	10.78710	10.60000
-7.58414	10.78710	10.60000
-6.92224	10.78710	10.60000
-6.26035	10.78710	10.60000
-5.59846	10.78710	9.71000
-4.93656	10.78710	10.60000
-4.27467	10.78710	10.60000
-3.61277	10.78710	9.71000
-2.95088	10.78710	9.71000
-2.28899	10.78710	9.71000
-1.62709	10.78710	10.60000
-0.96520	10.78710	10.60000
-0.30331	10.78710	10.60000
0.35859	10.78710	10.60000
1.02048	10.78710	10.60000
1.68237	10.78710	10.60000
2.34427	10.78710	10.60000
3.00616	10.78710	10.60000
3.66806	10.78710	10.60000
4.32995	10.78710	10.60000
4.99184	10.78710	10.60000
5.65374	10.78710	10.60000
6.31563	10.78710	10.60000
6.97752	10.78710	10.60000
7.63942	10.78710	10.60000
8.30131	10.78710	10.60000
8.96320	10.78710	10.60000
-11.55550	11.44600	10.60000
-10.89360	11.44600	10.60000
-10.23170	11.44600	10.60000
-9.56982	11.44600	10.60000
-8.90792	11.44600	10.60000
-8.24603	11.44600	10.60000
-7.58414	11.44600	10.60000
-6.92224	11.44600	10.60000
-6.26035	11.44600	10.60000
-5.59846	11.44600	10.60000
-4.93656	11.44600	9.71000
-4.27467	11.44600	10.60000
-3.61277	11.44600	10.60000
-2.95088	11.44600	9.71000
-2.28899	11.44600	7.95000
-1.62709	11.44600	10.60000
-0.96520	11.44600	10.60000
-0.30331	11.44600	10.60000
0.35859	11.44600	10.60000
1.02048	11.44600	10.60000
1.68237	11.44600	10.60000
2.34427	11.44600	10.60000
3.00616	11.44600	10.60000
3.66806	11.44600	10.60000
4.32995	11.44600	10.60000
4.99184	11.44600	10.60000
5.65374	11.44600	10.60000
6.31563	11.44600	10.60000
6.97752	11.44600	10.60000
7.63942	11.44600	10.60000
8.30131	11.44600	10.60000
8.96320	11.44600	10.60000
-11.55550	12.10490	10.60000
-10.89360	12.10490	10.60000
-10.23170	12.10490	10.60000
-9.56982	12.10490	10.60000
-8.90792	12.10490	10.60000
-8.24603	12.10490	10.60000
-7.58414	12.10490	10.60000
-6.92224	12.10490	10.60000
-6.26035	12.10490	10.60000
-5.59846	12.10490	10.60000
-4.93656	12.10490	9.71000
-4.27467	12.10490	10.60000
-3.61277	12.10490	9.71000
-2.95088	12.10490	10.60000
-2.28899	12.10490	10.60000
-1.62709	12.10490	9.71000
-0.96520	12.10490	10.60000
-0.30331	12.10490	10.60000
0.35859	12.10490	10.60000
1.02048	12.10490	10.60000
1.68237	12.10490	10.60000
2.34427	12.10490	10.60000
3.00616	12.10490	10.60000
3.66806	12.10490	10.60000
4.32995	12.10490	10.60000
4.99184	12.10490	10.60000
5.65374	12.10490	10.60000
6.31563	12.10490	10.60000
6.97752	12.10490	10.60000
7.63942	12.10490	10.60000
8.30131	12.10490	10.60000
8.96320	12.10490	10.60000
-11.55550	12.76370	10.60000
-10.89360	12.76370	10.60000
-10.23170	12.76370	10.60000
-9.56982	12.76370	10.60000
-8.90792	12.76370	10.60000
-8.24603	12.76370	10.60000
-7.58414	12.76370	10.60000
-6.92224	12.76370	10.60000
-6.26035	12.76370	10.60000
-5.59846	12.76370	10.60000
-4.93656	12.76370	10.60000
-4.27467	12.76370	10.60000
-3.61277	12.76370	9.71000
-2.95088	12.76370	10.60000
-2.28899	12.76370	9.71000
-1.62709	12.76370	10.60000
-0.96520	12.76370	10.60000
-0.30331	12.76370	10.60000
0.35859	12.76370	10.60000
1.02048	12.76370	10.60000
1.68237	12.76370	10.60000
2.34427	12.76370	10.60000
3.00616	12.76370	10.60000
3.66806	12.76370	10.60000
4.32995	12.76370	10.60000
4.99184	12.76370	10.60000
5.65374	12.76370	10.60000
6.31563	12.76370	10.60000
6.97752	12.76370	10.60000
7.63942	12.76370	10.60000
8.30131	12.76370	10.60000
8.96320	12.76370	10.60000
