Run semi-empirical minimization
 &qmmm
    qm_theory='AM1', grms_tol=0.0005,
 scfconv=1.d-10, ndiis_attempts=700,   qmcharge=0,
 /
   6    C1       -2.2730        0.0870        0.0960 
   6    C2       -1.4480       -0.5760        1.0070 
   6    C3       -0.0620       -0.5990        0.8130 
   6    C4        0.5070        0.0450       -0.3010 
   6    C5       -0.3320        0.6990       -1.2150 
   6    C6       -1.7150        0.7230       -1.0160 
   7    N1        1.9220        0.0190       -0.5360 
   7    N2        2.8180       -0.3470        0.4780 
   1    H1       -3.3440        0.1060        0.2480 
   1    H2       -1.8810       -1.0720        1.8660 
   1    H3        0.5610       -1.1220        1.5270 
   1    H4        0.0860        1.1930       -2.0830 
   1    H5       -2.3550        1.2330       -1.7240 
   1    H6        2.3020        0.4330       -1.4180 
   1    H7        3.5560       -0.9420        0.0380 
   1    H8        3.2860        0.5290        0.8050 

