Run semi-empirical minimization
 &qmmm
    qm_theory='AM1', grms_tol=0.0005,
 scfconv=1.d-10, ndiis_attempts=700,   qmcharge=0,
 /
   6    C1        2.4500       -1.9980        2.1320 
   6    C2        2.6050       -2.0130        0.6090 
   6    C3        1.3570       -2.5550       -0.0920 
   8    O1        0.2160       -1.7290        0.1450 
   6    C4        0.4470       -0.4060       -0.1960 
   6    C5        1.7600        0.1200       -0.2240 
   7    N1        2.8920       -0.6560        0.1170 
   6    C6        4.1500       -0.0840        0.1040 
   6    C7        4.4440        1.1790       -0.2500 
   6    C8        3.3010        2.0390       -0.6580 
   8    O2        3.4450        3.1960       -1.0380 
   6    C9        1.9330        1.4590       -0.6040 
   6   C10        0.8350        2.2580       -0.9250 
   6   C11       -0.4480        1.7230       -0.8650 
   6   C12       -0.6910        0.3840       -0.5040 
   7    N2       -1.9830       -0.1820       -0.4280 
   6   C13       -3.0340        0.3080       -1.3470 
   6   C14       -4.1190        1.1240       -0.6080 
   7    N3       -4.7960        0.4050        0.4970 
   6   C15       -3.9400       -0.6770        1.0370 
   6   C16       -2.4300       -0.3550        0.9770 
   6   C17       -6.0930       -0.1250        0.0870 
   9    F1       -1.4670        2.5540       -1.1410 
   6   C18        5.8320        1.6790       -0.2140 
   8    O3        6.2120        2.8240       -0.3780 
   8    O4        6.7420        0.7140        0.0360 
   1    H1        3.3720       -1.6520        2.6120 
   1    H2        1.6430       -1.3330        2.4580 
   1    H3        2.2330       -3.0040        2.5070 
   1    H4        3.4450       -2.6740        0.3550 
   1    H5        1.5150       -2.6440       -1.1750 
   1    H6        1.1200       -3.5580        0.2810 
   1    H7        4.9280       -0.7730        0.4260 
   1    H8        0.9640        3.2990       -1.2090 
   1    H9       -3.5070       -0.5730       -1.8000 
   1   H10       -2.6260        0.8770       -2.1900 
   1   H11       -3.6510        2.0120       -0.1660 
   1   H12       -4.8480        1.5060       -1.3340 
   1   H13       -4.2270       -0.8610        2.0780 
   1   H14       -4.1060       -1.6120        0.4840 
   1   H15       -2.2330        0.5550        1.5610 
   1   H16       -1.8830       -1.1790        1.4500 
   1   H17       -6.5820       -0.6360        0.9250 
   1   H18       -6.7610        0.6880       -0.2160 
   1   H19       -6.0080       -0.8310       -0.7470 
   1   H20        7.5900        1.2090        0.0180 

