Run semi-empirical minimization
 &qmmm
    qm_theory='AM1', grms_tol=0.0005,
 scfconv=1.d-10, ndiis_attempts=700,   qmcharge=0,
 /
   8     O       58.6970       78.5850       32.4130 
  15     P       60.2610       78.8300       32.7570 
   8    O1       61.0530       77.5750       32.9890 
   8    O2       60.8100       79.7660       31.5570 
   6     C       62.1590       79.6610       31.1350 
   6    C1       63.0160       80.5600       32.0120 
   7     N       63.3890       79.8750       33.2400 
   1     H       62.5520       79.5360       33.7120 
   1    H1       63.9440       79.0520       33.0140 
   8    O3       60.2020       79.8190       34.0390 
   1    H2       59.5510       80.5510       34.0400 
   6    C2       58.3630       77.5810       31.4690 
   6    C3       57.2970       76.6590       32.0480 
   8    O4       56.0130       77.2480       31.8280 
   6    C4       55.1900       76.5630       30.9830 
   8    O5       54.6090       75.5140       31.2290 
   6    C5       55.0900       77.2920       29.6770 
   6    C6       57.4770       76.4710       33.5490 
   8    O6       56.7070       75.3510       33.9710 
   6    C7       56.5140       75.2360       35.3200 
   8    O7       57.2710       74.6940       36.1120 
   6    C8       55.2170       75.8820       35.7030 
   1    H3       62.2420       79.9700       30.1140 
   1    H4       62.4890       78.6470       31.2200 
   1    H5       62.4630       81.4430       32.2560 
   1    H6       63.9060       80.8160       31.4770 
   1    H7       59.2370       77.0100       31.2340 
   1    H8       57.9840       78.0440       30.5820 
   1    H9       57.3830       75.7070       31.5670 
   1   H10       55.6900       78.1770       29.7160 
   1   H11       54.0700       77.5600       29.4950 
   1   H12       55.4390       76.6590       28.8880 
   1   H13       57.1450       77.3490       34.0630 
   1   H14       58.5100       76.3040       33.7710 
   1   H15       54.7460       76.2810       34.8290 
   1   H16       55.4040       76.6720       36.4000 
   1   H17       54.5750       75.1540       36.1530 

