Run semi-empirical minimization
 &qmmm
    qm_theory='AM1', grms_tol=0.0005,
 scfconv=1.d-10, ndiis_attempts=700,   qmcharge=0,
 /
   6    C1        9.8470      -36.2240       -7.5420 
   7    N1        9.5780      -29.0490       -1.7830 
   8    O1        8.8050      -34.1180       -6.9160 
   6    C2        9.9310      -34.6840       -7.6190 
   7    N2       11.2580      -27.2740       -1.7520 
   8    O2        9.5980      -31.8720       -6.7680 
   6    C3        9.8640      -34.0660       -9.0460 
   7    N3       11.6960      -29.3370       -0.6060 
   8    O3        9.7060      -33.3050       -4.2270 
   6    C4        8.8900      -32.8650       -8.8790 
   7    N4        8.7910      -29.1970       -6.7230 
   8    O4       10.5240      -31.8000       -1.9690 
   6    C5        8.6230      -32.7660       -7.3680 
   7    N5        8.6240      -27.4930       -8.4050 
   8    O5        9.4760      -27.6650       -4.2870 
   6    C6        9.2270      -31.2750       -5.4920 
   7    N6       10.6670      -28.7200       -8.1740 
   8    O6        7.6110      -33.0840       -9.5280 
   6    C7        9.5430      -29.7640       -5.5750 
   7    N7        7.1570      -33.4450      -12.1840 
   8    O7        5.7060      -31.7080      -10.0210 
   6    C8        9.1820      -29.0660       -4.2340 
   8    O8        5.7450      -28.1170       -9.4560 
   6    C9        9.9790      -29.6950       -3.0630 
   8    O9        5.2220      -28.9650      -12.4090 
   6   C10        9.7110      -31.2210       -2.9940 
   8   O10        7.1320      -30.5680      -13.6980 
   6   C11       10.0350      -31.9170       -4.3370 
   8   O11       11.6820      -32.2990       -9.1070 
   6   C12       10.6510      -28.3850       -1.0040 
   8   O12        9.3760      -35.0130      -10.0250 
   6   C13        9.5250      -28.1430       -7.4460 
   6   C14        7.1210      -31.9190      -10.2310 
   6   C15        7.3830      -32.0440      -11.7550 
   6   C16        6.4580      -31.0670      -12.5390 
   6   C17        6.0330      -29.8700      -11.6520 
   6   C18        5.2610      -30.3670      -10.3860 
   6   C19        5.4510      -29.4750       -9.1290 
   6   C20        7.7390      -33.7740      -13.4990 
   6   C21       11.2800      -33.6190       -9.5260 
   1   H01        8.8870      -36.5840       -7.9180 
   1   H02       10.6490      -36.6830       -8.1240 
   1   H03        9.9460      -36.5520       -6.5050 
   1   H04        8.8030      -28.4080       -1.9430 
   1   H05       10.8390      -34.3430       -7.1120 
   1   H06       10.5680      -26.5490       -1.9350 
   1   H07       11.9980      -26.8470       -1.1970 
   1   H08       11.2810      -30.1040       -0.0790 
   1   H09       12.1220      -29.7520       -1.4330 
   1   H10        9.6700      -33.5520       -3.2870 
   1   H11        9.3340      -31.9410       -9.2530 
   1   H12        8.5840      -29.9480       -7.3770 
   1   H13       10.7070      -32.7230       -2.2080 
   1   H14        7.6020      -32.4190       -7.1450 
   1   H15        9.1100      -26.7380       -8.8870 
   1   H16        8.3190      -28.1560       -9.1140 
   1   H17        9.4900      -27.3230       -3.3680 
   1   H18        8.1560      -31.4130       -5.3140 
   1   H19       10.3510      -29.4070       -8.8550 
   1   H20       11.1710      -27.9950       -8.6810 
   1   H21       10.6180      -29.6610       -5.7500 
   1   H22        7.5590      -34.0640      -11.4790 
   1   H23        8.1120      -29.1910       -4.0450 
   1   H24        6.3760      -27.7770       -8.7930 
   1   H25       11.0470      -29.5380       -3.2460 
   1   H26        4.9800      -29.3870      -13.2530 
   1   H27        8.6570      -31.3890       -2.7500 
   1   H28        7.4300      -29.6640      -13.4900 
   1   H29       11.1040      -31.8190       -4.5480 
   1   H30       11.3710      -32.0900       -8.2040 
   1   H31       10.2060      -27.9780       -0.0880 
   1   H32        8.8500      -35.7230       -9.6000 
   1   H33        9.8850      -27.3930       -6.7320 
   1   H34        7.6310      -31.0310       -9.8260 
   1   H35        8.4310      -31.7820      -11.9250 
   1   H36        5.5560      -31.6050      -12.8490 
   1   H37        6.9380      -29.3420      -11.3380 
   1   H38        4.1930      -30.4260      -10.6170 
   1   H39        4.5400      -29.5090       -8.5260 
   1   H40        6.2710      -29.8630       -8.5200 
   1   H41        8.8190      -33.6070      -13.4820 
   1   H42        7.5480      -34.8270      -13.7240 
   1   H43        7.2880      -33.1600      -14.2820 
   1   H44       11.3010      -33.6350      -10.6200 
   1   H45       12.0210      -34.3440       -9.1760 

