Run semi-empirical minimization
 &qmmm
    qm_theory='AM1', grms_tol=0.0005,
 scfconv=1.d-10, ndiis_attempts=700,   qmcharge=0,
 /
   6    C1        8.4040      -31.6130       -4.4290 
   7    N1        9.0760      -33.6880       -5.6520 
   8    O1       10.9220      -32.1580       -2.7460 
   6    C2        8.9810      -30.5090       -5.3500 
   7    N2        9.0180      -32.5930        1.6710 
   8    O2       11.6800      -33.9000       -1.3150 
   6    C3       10.4750      -30.2150       -5.0120 
   7    N3        7.4550      -29.8290       -0.1870 
   8    O3       10.4150      -37.1510       -0.3330 
   6    C4       11.3440      -31.5090       -5.0080 
   7    N4       11.9330      -27.2830       -3.3590 
   8    O4       10.1160      -35.2550        1.7450 
   6    C5       10.7520      -32.6230       -4.1000 
   7    N5        8.8020      -30.8340       -6.7780 
   8    O5       11.2800      -31.1810       -0.2190 
   6    C6        9.2480      -32.9120       -4.4070 
   8    O6       11.4580      -32.0510       -6.3120 
   6    C7       10.5880      -33.0250       -1.6570 
   8    O7       10.6350      -29.6630       -3.6780 
   6    C8       10.2660      -32.1570       -0.4220 
   8    O8        9.6750      -28.7590       -1.7480 
   6    C9       10.1850      -33.0050        0.8690 
   8    O9        8.0650      -25.5600       -1.0240 
   6   C10       10.1140      -34.5060        0.5320 
   6   C11       11.3270      -34.9370       -0.3660 
   6   C12       11.0270      -36.2040       -1.1910 
   6   C13        9.8180      -28.5900       -3.1780 
   6   C14       10.4640      -27.2080       -3.4590 
   6   C15        9.9280      -26.1390       -2.4710 
   6   C16        8.5620      -26.5670       -1.8910 
   6   C17        8.6980      -27.8950       -1.1070 
   6   C18        7.3410      -28.6250       -1.0230 
   1   H01        7.3760      -31.8420       -4.7230 
   1   H02        8.3520      -31.2210       -3.4100 
   1   H03        9.3500      -33.1380       -6.4620 
   1   H04        9.6520      -34.5270       -5.6310 
   1   H05        8.3900      -29.6060       -5.1990 
   1   H06        8.9800      -33.1440        2.5270 
   1   H07        9.1040      -31.6150        1.9410 
   1   H08       10.8820      -29.4930       -5.7250 
   1   H09        6.5760      -30.3420       -0.1850 
   1   H10        8.1690      -30.4400       -0.5760 
   1   H11       10.0080      -36.5870        0.3640 
   1   H12       12.3480      -31.2550       -4.6520 
   1   H13       12.1840      -27.5810       -2.4170 
   1   H14       12.2710      -28.0140       -3.9820 
   1   H15       11.0320      -35.5420        1.8910 
   1   H16       11.3420      -33.5380       -4.2080 
   1   H17        9.1370      -30.0630       -7.3530 
   1   H18        9.3640      -31.6460       -7.0210 
   1   H19       11.0870      -30.7870        0.6420 
   1   H20        8.8350      -33.5470       -3.6230 
   1   H21       10.7450      -32.7140       -6.3180 
   1   H22        9.7190      -33.6380       -1.9220 
   1   H23        9.3160      -31.6540       -0.6070 
   1   H24       11.0880      -32.8410        1.4650 
   1   H25        7.9190      -24.7880       -1.5850 
   1   H26        9.1760      -34.7000        0.0020 
   1   H27       12.2060      -35.1160        0.2600 
   1   H28       10.3430      -35.9660       -2.0090 
   1   H29       11.9530      -36.6130       -1.6050 
   1   H30        8.8070      -28.6520       -3.5960 
   1   H31       10.1970      -26.9140       -4.4780 
   1   H32        9.8450      -25.1760       -2.9810 
   1   H33       10.6300      -26.0080       -1.6410 
   1   H34        7.8540      -26.6960       -2.7150 
   1   H35        9.0580      -27.6880       -0.0950 
   1   H36        6.5930      -27.9570       -0.5880 
   1   H37        7.0150      -28.9120       -2.0260 

