Run semi-empirical minimization
 &qmmm
    qm_theory='AM1', grms_tol=0.0005,
 scfconv=1.d-10, ndiis_attempts=700,   qmcharge=0,
 /
   7     N       12.7490       20.0140      -17.3760 
   7    N1       10.9010       20.4590      -18.6930 
   7    N2       10.4380       21.9620      -20.2590 
   7    N3       13.1970       16.8970      -16.1850 
   7    N4       14.4620       14.5690      -15.1350 
   6    CA       13.5720       19.2690      -16.4150 
   6    C1       13.8800       15.5880      -16.4370 
   6    C2       14.8190       14.1080      -13.7840 
   6     C       11.4800       19.7010      -17.7190 
   6    C3        9.5190       20.1660      -19.0880 
   6    C4       11.3890       21.5070      -19.4130 
   6    C5        9.1920       21.2190      -20.1430 
   6    C6        9.2150       23.2880      -22.4400 
   6    C7       13.8540       17.8560      -16.8970 
   6    C8       15.2640       15.6760      -15.7320 
   6    C9       16.2400       14.6350      -13.4790 
   6   C10       16.4430       14.8190      -11.9580 
   6   C11       17.3440       13.6950      -14.0270 
   6   C12       13.2760       14.3980      -15.7350 
   6   C13       14.6160       12.6150      -13.5420 
   6   C14       14.8740       19.9830      -16.0700 
   6   C15       15.5750       20.7270      -17.0260 
   6   C16       16.7620       21.3730      -16.6830 
   6   C17       17.2630       21.2720      -15.3880 
   6   C18       16.5770       20.5230      -14.4340 
   6   C19       15.3870       19.8820      -14.7750 
   8     O       10.8770       18.8020      -17.1620 
   8    O1       12.4980       21.9960      -19.3110 
   8    O2       10.4760       24.4730      -20.4920 
   8    O3       11.8080       23.1200      -22.0720 
   8    O4       14.4980       17.6570      -17.9130 
   8    O5       12.2580       14.1140      -15.1360 
   8    O6       14.8270       11.8530      -14.5830 
   8   OXT       14.3540       12.1490      -12.4530 
  16     S       10.5970       23.3100      -21.3250 
  16    S1       16.3130       16.2310      -14.3390 
   1   H01       13.2040       20.7670      -17.8700 
   1   H02       12.7230       17.1040      -15.3200 
   1   H03       12.9770       19.1820      -15.5000 
   1   H04       13.9790       15.3810      -17.5120 
   1   H05       14.1170       14.6030      -13.1050 
   1   H06        9.4590       19.1560      -19.5050 
   1   H07        8.3990       21.8860      -19.7970 
   1   H08        8.2930       23.3820      -21.8610 
   1   H09        9.3130       24.1310      -23.1280 
   1   H10        9.2260       22.3460      -22.9940 
   1   H11       15.8970       15.2280      -16.5120 
   1   H12       17.4280       15.2440      -11.7510 
   1   H13       15.6900       15.4950      -11.5470 
   1   H14       16.3670       13.8630      -11.4340 
   1   H15       18.3290       14.1520      -13.9040 
   1   H16       17.3520       12.7400      -13.4980 
   1   H17       17.1980       13.4950      -15.0910 
   1   H18       15.2040       20.8080      -18.0450 
   1   H19       17.2980       21.9540      -17.4300 
   1   H20       18.1900       21.7750      -15.1220 
   1   H21       16.9700       20.4380      -13.4240 
   1   H22       14.8610       19.2980      -14.0230 
   1   H23       14.6630       10.9400      -14.2870 

