Run semi-empirical minimization
 &qmmm
    qm_theory='AM1', grms_tol=0.0005,
 scfconv=1.d-10, ndiis_attempts=700,   qmcharge=0,
 /
   6    C1      -27.1980      -28.7380      -12.5510 
   7    N1      -29.1390      -24.3630      -12.8710 
   8    O1      -26.3930      -21.0700      -13.6960 
  16    S1      -20.2270      -21.6390      -13.9730 
   6    C2      -27.4700      -27.3000      -13.0180 
   7    N2      -28.6420      -23.1190      -13.0830 
   8    O2      -21.0760      -20.5020      -13.7460 
   6    C3      -28.1050      -26.4580      -11.8990 
   7    N3      -25.6090      -24.6280      -12.1190 
   8    O3      -18.8920      -21.7570      -13.4550 
   6    C4      -28.0540      -25.0130      -12.3060 
   7    N4      -25.2000      -22.4260      -12.9050 
   8    O4      -23.3840      -26.1850      -11.7860 
   6    C5      -27.3190      -23.0760      -12.7290 
   7    N5      -20.1690      -21.8490      -15.5940 
   6    C6      -26.8920      -24.2300      -12.0040 
   7    N6      -19.4570      -22.3160      -18.3660 
   6    C7      -24.7390      -23.6640      -12.5240 
   6    C8      -26.2560      -22.1100      -13.0820 
   6    C9      -23.3480      -23.8870      -12.6390 
   6   C10      -22.7010      -25.0970      -12.3000 
   6   C11      -21.3150      -25.2120      -12.4440 
   6   C12      -20.5540      -24.1570      -12.9320 
   6   C13      -21.1740      -22.9640      -13.2850 
   6   C14      -22.5530      -22.8460      -13.1360 
   6   C15      -19.4520      -20.8190      -16.3770 
   6   C16      -19.7560      -20.9520      -17.8840 
   6   C17      -20.2050      -23.3330      -17.6010 
   6   C18      -19.9080      -23.2180      -16.0930 
   6   C19      -19.7330      -22.4350      -19.8050 
   6   C20      -22.8970      -27.5360      -11.9430 
   6   C21      -23.3670      -28.0710      -13.3050 
   6   C22      -29.4020      -22.0920      -13.7830 
   1   H21      -28.1130      -27.3030      -13.9010 
   1   H13      -26.7200      -29.3100      -13.3500 
   1   H12      -26.5340      -28.7390      -11.6830 
   1   H11      -28.1310      -29.2370      -12.2790 

