-14.94590	-9.37749	11.10000
-14.06080	-9.37749	11.10000
-13.17570	-9.37749	11.10000
-12.29060	-9.37749	11.10000
-11.40550	-9.37749	11.10000
-10.52040	-9.37749	11.10000
-9.63527	-9.37749	11.10000
-8.75016	-9.37749	11.10000
-7.86505	-9.37749	11.10000
-6.97995	-9.37749	11.10000
-6.09484	-9.37749	11.10000
-5.20973	-9.37749	11.10000
-4.32462	-9.37749	11.10000
-3.43951	-9.37749	11.10000
-2.55440	-9.37749	11.10000
-1.66929	-9.37749	11.10000
-0.78419	-9.37749	11.10000
0.10092	-9.37749	11.10000
0.98603	-9.37749	11.10000
1.87114	-9.37749	11.10000
2.75625	-9.37749	11.10000
3.64136	-9.37749	11.10000
4.52647	-9.37749	11.10000
5.41158	-9.37749	11.10000
6.29669	-9.37749	10.10000
7.18179	-9.37749	10.10000
8.06690	-9.37749	10.10000
8.95201	-9.37749	10.10000
9.83712	-9.37749	10.10000
10.72220	-9.37749	11.10000
11.60730	-9.37749	11.10000
12.49240	-9.37749	11.10000
-14.94590	-8.73869	11.10000
-14.06080	-8.73869	11.10000
-13.17570	-8.73869	11.10000
-12.29060	-8.73869	11.10000
-11.40550	-8.73869	11.10000
-10.52040	-8.73869	11.10000
-9.63527	-8.73869	11.10000
-8.75016	-8.73869	11.10000
-7.86505	-8.73869	11.10000
-6.97995	-8.73869	11.10000
-6.09484	-8.73869	11.10000
-5.20973	-8.73869	11.10000
-4.32462	-8.73869	11.10000
-3.43951	-8.73869	11.10000
-2.55440	-8.73869	11.10000
-1.66929	-8.73869	11.10000
-0.78419	-8.73869	11.10000
0.10092	-8.73869	11.10000
0.98603	-8.73869	11.10000
1.87114	-8.73869	10.10000
2.75625	-8.73869	11.10000
3.64136	-8.73869	11.10000
4.52647	-8.73869	11.10000
5.41158	-8.73869	11.10000
6.29669	-8.73869	11.10000
7.18179	-8.73869	8.30000
8.06690	-8.73869	11.10000
8.95201	-8.73869	10.10000
9.83712	-8.73869	11.10000
10.72220	-8.73869	11.10000
11.60730	-8.73869	11.10000
12.49240	-8.73869	11.10000
-14.94590	-8.09989	11.10000
-14.06080	-8.09989	11.10000
-13.17570	-8.09989	11.10000
-12.29060	-8.09989	11.10000
-11.40550	-8.09989	11.10000
-10.52040	-8.09989	11.10000
-9.63527	-8.09989	11.10000
-8.75016	-8.09989	11.10000
-7.86505	-8.09989	11.10000
-6.97995	-8.09989	11.10000
-6.09484	-8.09989	11.10000
-5.20973	-8.09989	11.10000
-4.32462	-8.09989	10.10000
-3.43951	-8.09989	11.10000
-2.55440	-8.09989	11.10000
-1.66929	-8.09989	10.10000
-0.78419	-8.09989	11.10000
0.10092	-8.09989	7.38000
0.98603	-8.09989	11.10000
1.87114	-8.09989	8.30000
2.75625	-8.09989	10.10000
3.64136	-8.09989	10.10000
4.52647	-8.09989	8.30000
5.41158	-8.09989	8.30000
6.29669	-8.09989	8.30000
7.18179	-8.09989	8.30000
8.06690	-8.09989	8.30000
8.95201	-8.09989	8.30000
9.83712	-8.09989	11.10000
10.72220	-8.09989	11.10000
11.60730	-8.09989	11.10000
12.49240	-8.09989	11.10000
-14.94590	-7.46108	11.10000
-14.06080	-7.46108	11.10000
-13.17570	-7.46108	11.10000
-12.29060	-7.46108	11.10000
-11.40550	-7.46108	11.10000
-10.52040	-7.46108	11.10000
-9.63527	-7.46108	10.10000
-8.75016	-7.46108	11.10000
-7.86505	-7.46108	11.10000
-6.97995	-7.46108	11.10000
-6.09484	-7.46108	10.10000
-5.20973	-7.46108	8.30000
-4.32462	-7.46108	10.10000
-3.43951	-7.46108	6.45000
-2.55440	-7.46108	11.10000
-1.66929	-7.46108	8.30000
-0.78419	-7.46108	10.10000
0.10092	-7.46108	5.53000
0.98603	-7.46108	5.53000
1.87114	-7.46108	5.53000
2.75625	-7.46108	10.10000
3.64136	-7.46108	7.38000
4.52647	-7.46108	6.45000
5.41158	-7.46108	5.53000
6.29669	-7.46108	7.38000
7.18179	-7.46108	11.10000
8.06690	-7.46108	8.30000
8.95201	-7.46108	10.10000
9.83712	-7.46108	8.30000
10.72220	-7.46108	11.10000
11.60730	-7.46108	11.10000
12.49240	-7.46108	11.10000
-14.94590	-6.82228	11.10000
-14.06080	-6.82228	11.10000
-13.17570	-6.82228	11.10000
-12.29060	-6.82228	11.10000
-11.40550	-6.82228	10.10000
-10.52040	-6.82228	11.10000
-9.63527	-6.82228	11.10000
-8.75016	-6.82228	10.10000
-7.86505	-6.82228	10.10000
-6.97995	-6.82228	8.30000
-6.09484	-6.82228	10.10000
-5.20973	-6.82228	4.61000
-4.32462	-6.82228	4.61000
-3.43951	-6.82228	5.53000
-2.55440	-6.82228	6.45000
-1.66929	-6.82228	5.07000
-0.78419	-6.82228	5.99000
0.10092	-6.82228	5.99000
0.98603	-6.82228	5.53000
1.87114	-6.82228	6.45000
2.75625	-6.82228	5.53000
3.64136	-6.82228	5.53000
4.52647	-6.82228	5.99000
5.41158	-6.82228	5.99000
6.29669	-6.82228	7.38000
7.18179	-6.82228	5.53000
8.06690	-6.82228	8.30000
8.95201	-6.82228	5.53000
9.83712	-6.82228	7.38000
10.72220	-6.82228	10.10000
11.60730	-6.82228	11.10000
12.49240	-6.82228	11.10000
-14.94590	-6.18348	11.10000
-14.06080	-6.18348	11.10000
-13.17570	-6.18348	10.10000
-12.29060	-6.18348	10.10000
-11.40550	-6.18348	5.99000
-10.52040	-6.18348	8.30000
-9.63527	-6.18348	10.10000
-8.75016	-6.18348	5.07000
-7.86505	-6.18348	6.45000
-6.97995	-6.18348	6.45000
-6.09484	-6.18348	3.69000
-5.20973	-6.18348	4.61000
-4.32462	-6.18348	2.77000
-3.43951	-6.18348	2.77000
-2.55440	-6.18348	4.61000
-1.66929	-6.18348	3.69000
-0.78419	-6.18348	5.99000
0.10092	-6.18348	5.53000
0.98603	-6.18348	4.15000
1.87114	-6.18348	4.15000
2.75625	-6.18348	6.45000
3.64136	-6.18348	5.99000
4.52647	-6.18348	5.07000
5.41158	-6.18348	4.15000
6.29669	-6.18348	5.07000
7.18179	-6.18348	6.45000
8.06690	-6.18348	4.15000
8.95201	-6.18348	4.61000
9.83712	-6.18348	6.45000
10.72220	-6.18348	11.10000
11.60730	-6.18348	11.10000
12.49240	-6.18348	8.30000
-14.94590	-5.54468	11.10000
-14.06080	-5.54468	11.10000
-13.17570	-5.54468	11.10000
-12.29060	-5.54468	7.38000
-11.40550	-5.54468	5.53000
-10.52040	-5.54468	7.38000
-9.63527	-5.54468	8.30000
-8.75016	-5.54468	7.38000
-7.86505	-5.54468	5.53000
-6.97995	-5.54468	5.07000
-6.09484	-5.54468	5.53000
-5.20973	-5.54468	3.69000
-4.32462	-5.54468	2.31000
-3.43951	-5.54468	3.69000
-2.55440	-5.54468	3.69000
-1.66929	-5.54468	5.99000
-0.78419	-5.54468	5.53000
0.10092	-5.54468	4.15000
0.98603	-5.54468	5.07000
1.87114	-5.54468	4.15000
2.75625	-5.54468	5.53000
3.64136	-5.54468	5.07000
4.52647	-5.54468	5.07000
5.41158	-5.54468	4.61000
6.29669	-5.54468	5.53000
7.18179	-5.54468	6.45000
8.06690	-5.54468	4.15000
8.95201	-5.54468	8.30000
9.83712	-5.54468	5.07000
10.72220	-5.54468	10.10000
11.60730	-5.54468	10.10000
12.49240	-5.54468	11.10000
-14.94590	-4.90587	11.10000
-14.06080	-4.90587	10.10000
-13.17570	-4.90587	8.30000
-12.29060	-4.90587	5.53000
-11.40550	-4.90587	5.07000
-10.52040	-4.90587	5.07000
-9.63527	-4.90587	3.69000
-8.75016	-4.90587	5.53000
-7.86505	-4.90587	4.15000
-6.97995	-4.90587	3.69000
-6.09484	-4.90587	3.69000
-5.20973	-4.90587	2.31000
-4.32462	-4.90587	4.15000
-3.43951	-4.90587	4.15000
-2.55440	-4.90587	5.07000
-1.66929	-4.90587	5.99000
-0.78419	-4.90587	5.07000
0.10092	-4.90587	5.99000
0.98603	-4.90587	4.15000
1.87114	-4.90587	4.15000
2.75625	-4.90587	8.30000
3.64136	-4.90587	5.07000
4.52647	-4.90587	4.15000
5.41158	-4.90587	7.38000
6.29669	-4.90587	5.07000
7.18179	-4.90587	5.99000
8.06690	-4.90587	7.38000
8.95201	-4.90587	6.45000
9.83712	-4.90587	7.38000
10.72220	-4.90587	7.38000
11.60730	-4.90587	11.10000
12.49240	-4.90587	10.10000
-14.94590	-4.26707	11.10000
-14.06080	-4.26707	10.10000
-13.17570	-4.26707	5.53000
-12.29060	-4.26707	4.15000
-11.40550	-4.26707	4.15000
-10.52040	-4.26707	3.23000
-9.63527	-4.26707	5.07000
-8.75016	-4.26707	5.07000
-7.86505	-4.26707	3.69000
-6.97995	-4.26707	3.23000
-6.09484	-4.26707	5.07000
-5.20973	-4.26707	4.15000
-4.32462	-4.26707	5.99000
-3.43951	-4.26707	7.38000
-2.55440	-4.26707	5.99000
-1.66929	-4.26707	5.53000
-0.78419	-4.26707	5.53000
0.10092	-4.26707	5.07000
0.98603	-4.26707	3.69000
1.87114	-4.26707	5.53000
2.75625	-4.26707	5.07000
3.64136	-4.26707	5.07000
4.52647	-4.26707	8.30000
5.41158	-4.26707	11.10000
6.29669	-4.26707	5.99000
7.18179	-4.26707	4.61000
8.06690	-4.26707	6.45000
8.95201	-4.26707	7.38000
9.83712	-4.26707	8.30000
10.72220	-4.26707	8.30000
11.60730	-4.26707	10.10000
12.49240	-4.26707	8.30000
-14.94590	-3.62827	10.10000
-14.06080	-3.62827	5.53000
-13.17570	-3.62827	8.30000
-12.29060	-3.62827	5.07000
-11.40550	-3.62827	4.61000
-10.52040	-3.62827	5.07000
-9.63527	-3.62827	5.07000
-8.75016	-3.62827	5.07000
-7.86505	-3.62827	3.69000
-6.97995	-3.62827	3.23000
-6.09484	-3.62827	3.69000
-5.20973	-3.62827	5.07000
-4.32462	-3.62827	3.69000
-3.43951	-3.62827	5.53000
-2.55440	-3.62827	4.15000
-1.66929	-3.62827	4.61000
-0.78419	-3.62827	5.07000
0.10092	-3.62827	3.23000
0.98603	-3.62827	5.07000
1.87114	-3.62827	3.69000
2.75625	-3.62827	3.69000
3.64136	-3.62827	5.07000
4.52647	-3.62827	5.07000
5.41158	-3.62827	8.30000
6.29669	-3.62827	6.45000
7.18179	-3.62827	7.38000
8.06690	-3.62827	5.53000
8.95201	-3.62827	8.30000
9.83712	-3.62827	10.10000
10.72220	-3.62827	11.10000
11.60730	-3.62827	11.10000
12.49240	-3.62827	11.10000
-14.94590	-2.98947	11.10000
-14.06080	-2.98947	5.07000
-13.17570	-2.98947	7.38000
-12.29060	-2.98947	5.07000
-11.40550	-2.98947	6.45000
-10.52040	-2.98947	4.61000
-9.63527	-2.98947	7.38000
-8.75016	-2.98947	4.61000
-7.86505	-2.98947	3.23000
-6.97995	-2.98947	4.15000
-6.09484	-2.98947	4.15000
-5.20973	-2.98947	3.23000
-4.32462	-2.98947	5.07000
-3.43951	-2.98947	5.53000
-2.55440	-2.98947	5.07000
-1.66929	-2.98947	4.15000
-0.78419	-2.98947	4.15000
0.10092	-2.98947	4.61000
0.98603	-2.98947	4.61000
1.87114	-2.98947	3.69000
2.75625	-2.98947	5.07000
3.64136	-2.98947	3.69000
4.52647	-2.98947	3.69000
5.41158	-2.98947	5.99000
6.29669	-2.98947	5.53000
7.18179	-2.98947	5.07000
8.06690	-2.98947	10.10000
8.95201	-2.98947	10.10000
9.83712	-2.98947	11.10000
10.72220	-2.98947	7.38000
11.60730	-2.98947	11.10000
12.49240	-2.98947	11.10000
-14.94590	-2.35066	7.38000
-14.06080	-2.35066	11.10000
-13.17570	-2.35066	7.38000
-12.29060	-2.35066	4.15000
-11.40550	-2.35066	5.99000
-10.52040	-2.35066	7.38000
-9.63527	-2.35066	7.38000
-8.75016	-2.35066	5.53000
-7.86505	-2.35066	4.61000
-6.97995	-2.35066	5.07000
-6.09484	-2.35066	5.07000
-5.20973	-2.35066	5.07000
-4.32462	-2.35066	5.07000
-3.43951	-2.35066	5.07000
-2.55440	-2.35066	4.15000
-1.66929	-2.35066	3.69000
-0.78419	-2.35066	4.61000
0.10092	-2.35066	3.69000
0.98603	-2.35066	2.77000
1.87114	-2.35066	3.69000
2.75625	-2.35066	2.77000
3.64136	-2.35066	3.69000
4.52647	-2.35066	5.53000
5.41158	-2.35066	5.99000
6.29669	-2.35066	5.07000
7.18179	-2.35066	3.69000
8.06690	-2.35066	5.53000
8.95201	-2.35066	7.38000
9.83712	-2.35066	8.30000
10.72220	-2.35066	10.10000
11.60730	-2.35066	11.10000
12.49240	-2.35066	11.10000
-14.94590	-1.71186	11.10000
-14.06080	-1.71186	11.10000
-13.17570	-1.71186	11.10000
-12.29060	-1.71186	7.38000
-11.40550	-1.71186	6.45000
-10.52040	-1.71186	7.38000
-9.63527	-1.71186	10.10000
-8.75016	-1.71186	7.38000
-7.86505	-1.71186	5.07000
-6.97995	-1.71186	5.53000
-6.09484	-1.71186	5.53000
-5.20973	-1.71186	5.53000
-4.32462	-1.71186	4.61000
-3.43951	-1.71186	3.69000
-2.55440	-1.71186	4.15000
-1.66929	-1.71186	5.99000
-0.78419	-1.71186	5.53000
0.10092	-1.71186	2.77000
0.98603	-1.71186	2.77000
1.87114	-1.71186	2.31000
2.75625	-1.71186	3.69000
3.64136	-1.71186	3.23000
4.52647	-1.71186	3.23000
5.41158	-1.71186	3.69000
6.29669	-1.71186	5.07000
7.18179	-1.71186	5.99000
8.06690	-1.71186	4.61000
8.95201	-1.71186	7.38000
9.83712	-1.71186	10.10000
10.72220	-1.71186	8.30000
11.60730	-1.71186	11.10000
12.49240	-1.71186	11.10000
-14.94590	-1.07306	11.10000
-14.06080	-1.07306	11.10000
-13.17570	-1.07306	7.38000
-12.29060	-1.07306	6.45000
-11.40550	-1.07306	7.38000
-10.52040	-1.07306	10.10000
-9.63527	-1.07306	8.30000
-8.75016	-1.07306	8.30000
-7.86505	-1.07306	5.53000
-6.97995	-1.07306	11.10000
-6.09484	-1.07306	5.99000
-5.20973	-1.07306	10.10000
-4.32462	-1.07306	4.61000
-3.43951	-1.07306	5.53000
-2.55440	-1.07306	5.99000
-1.66929	-1.07306	5.07000
-0.78419	-1.07306	2.77000
0.10092	-1.07306	2.77000
0.98603	-1.07306	0.92200
1.87114	-1.07306	1.38000
2.75625	-1.07306	2.31000
3.64136	-1.07306	3.23000
4.52647	-1.07306	3.23000
5.41158	-1.07306	3.69000
6.29669	-1.07306	2.77000
7.18179	-1.07306	7.38000
8.06690	-1.07306	6.45000
8.95201	-1.07306	5.99000
9.83712	-1.07306	5.99000
10.72220	-1.07306	11.10000
11.60730	-1.07306	11.10000
12.49240	-1.07306	11.10000
-14.94590	-0.43426	11.10000
-14.06080	-0.43426	11.10000
-13.17570	-0.43426	11.10000
-12.29060	-0.43426	6.45000
-11.40550	-0.43426	5.99000
-10.52040	-0.43426	5.07000
-9.63527	-0.43426	5.99000
-8.75016	-0.43426	5.99000
-7.86505	-0.43426	6.45000
-6.97995	-0.43426	10.10000
-6.09484	-0.43426	10.10000
-5.20973	-0.43426	7.38000
-4.32462	-0.43426	5.99000
-3.43951	-0.43426	5.07000
-2.55440	-0.43426	5.07000
-1.66929	-0.43426	5.07000
-0.78419	-0.43426	3.69000
0.10092	-0.43426	2.31000
0.98603	-0.43426	0.92200
1.87114	-0.43426	0.46100
2.75625	-0.43426	0.46100
3.64136	-0.43426	1.38000
4.52647	-0.43426	2.77000
5.41158	-0.43426	3.23000
6.29669	-0.43426	2.31000
7.18179	-0.43426	4.61000
8.06690	-0.43426	4.61000
8.95201	-0.43426	8.30000
9.83712	-0.43426	11.10000
10.72220	-0.43426	11.10000
11.60730	-0.43426	11.10000
12.49240	-0.43426	11.10000
-14.94590	0.20455	11.10000
-14.06080	0.20455	11.10000
-13.17570	0.20455	10.10000
-12.29060	0.20455	8.30000
-11.40550	0.20455	10.10000
-10.52040	0.20455	6.45000
-9.63527	0.20455	5.07000
-8.75016	0.20455	8.30000
-7.86505	0.20455	11.10000
-6.97995	0.20455	10.10000
-6.09484	0.20455	11.10000
-5.20973	0.20455	7.38000
-4.32462	0.20455	7.38000
-3.43951	0.20455	5.53000
-2.55440	0.20455	5.99000
-1.66929	0.20455	4.15000
-0.78419	0.20455	2.31000
0.10092	0.20455	2.31000
0.98603	0.20455	1.38000
1.87114	0.20455	0.00000
2.75625	0.20455	0.00000
3.64136	0.20455	1.38000
4.52647	0.20455	1.84000
5.41158	0.20455	2.31000
6.29669	0.20455	3.69000
7.18179	0.20455	4.15000
8.06690	0.20455	5.53000
8.95201	0.20455	7.38000
9.83712	0.20455	7.38000
10.72220	0.20455	10.10000
11.60730	0.20455	11.10000
12.49240	0.20455	11.10000
-14.94590	0.84335	11.10000
-14.06080	0.84335	11.10000
-13.17570	0.84335	11.10000
-12.29060	0.84335	5.07000
-11.40550	0.84335	10.10000
-10.52040	0.84335	11.10000
-9.63527	0.84335	10.10000
-8.75016	0.84335	10.10000
-7.86505	0.84335	11.10000
-6.97995	0.84335	10.10000
-6.09484	0.84335	10.10000
-5.20973	0.84335	10.10000
-4.32462	0.84335	8.30000
-3.43951	0.84335	7.38000
-2.55440	0.84335	5.99000
-1.66929	0.84335	5.07000
-0.78419	0.84335	3.23000
0.10092	0.84335	1.38000
0.98603	0.84335	0.92200
1.87114	0.84335	0.92200
2.75625	0.84335	0.92200
3.64136	0.84335	1.84000
4.52647	0.84335	2.77000
5.41158	0.84335	3.69000
6.29669	0.84335	3.69000
7.18179	0.84335	3.69000
8.06690	0.84335	3.23000
8.95201	0.84335	4.61000
9.83712	0.84335	7.38000
10.72220	0.84335	10.10000
11.60730	0.84335	11.10000
12.49240	0.84335	11.10000
-14.94590	1.48215	11.10000
-14.06080	1.48215	11.10000
-13.17570	1.48215	11.10000
-12.29060	1.48215	7.38000
-11.40550	1.48215	8.30000
-10.52040	1.48215	10.10000
-9.63527	1.48215	8.30000
-8.75016	1.48215	10.10000
-7.86505	1.48215	10.10000
-6.97995	1.48215	10.10000
-6.09484	1.48215	6.45000
-5.20973	1.48215	7.38000
-4.32462	1.48215	6.45000
-3.43951	1.48215	4.15000
-2.55440	1.48215	5.07000
-1.66929	1.48215	5.07000
-0.78419	1.48215	2.77000
0.10092	1.48215	2.31000
0.98603	1.48215	1.84000
1.87114	1.48215	1.84000
2.75625	1.48215	1.38000
3.64136	1.48215	1.84000
4.52647	1.48215	2.31000
5.41158	1.48215	5.07000
6.29669	1.48215	3.69000
7.18179	1.48215	4.61000
8.06690	1.48215	5.53000
8.95201	1.48215	6.45000
9.83712	1.48215	10.10000
10.72220	1.48215	11.10000
11.60730	1.48215	10.10000
12.49240	1.48215	11.10000
-14.94590	2.12095	11.10000
-14.06080	2.12095	11.10000
-13.17570	2.12095	6.45000
-12.29060	2.12095	5.99000
-11.40550	2.12095	7.38000
-10.52040	2.12095	8.30000
-9.63527	2.12095	11.10000
-8.75016	2.12095	6.45000
-7.86505	2.12095	7.38000
-6.97995	2.12095	10.10000
-6.09484	2.12095	4.61000
-5.20973	2.12095	4.15000
-4.32462	2.12095	2.77000
-3.43951	2.12095	3.23000
-2.55440	2.12095	4.61000
-1.66929	2.12095	2.77000
-0.78419	2.12095	3.69000
0.10092	2.12095	2.31000
0.98603	2.12095	1.38000
1.87114	2.12095	2.31000
2.75625	2.12095	1.38000
3.64136	2.12095	0.92200
4.52647	2.12095	1.84000
5.41158	2.12095	3.23000
6.29669	2.12095	4.61000
7.18179	2.12095	4.15000
8.06690	2.12095	7.38000
8.95201	2.12095	7.38000
9.83712	2.12095	10.10000
10.72220	2.12095	11.10000
11.60730	2.12095	10.10000
12.49240	2.12095	11.10000
-14.94590	2.75976	11.10000
-14.06080	2.75976	10.10000
-13.17570	2.75976	8.30000
-12.29060	2.75976	8.30000
-11.40550	2.75976	7.38000
-10.52040	2.75976	10.10000
-9.63527	2.75976	10.10000
-8.75016	2.75976	11.10000
-7.86505	2.75976	10.10000
-6.97995	2.75976	10.10000
-6.09484	2.75976	3.69000
-5.20973	2.75976	3.69000
-4.32462	2.75976	1.84000
-3.43951	2.75976	1.84000
-2.55440	2.75976	4.15000
-1.66929	2.75976	4.15000
-0.78419	2.75976	2.77000
0.10092	2.75976	3.69000
0.98603	2.75976	3.69000
1.87114	2.75976	5.53000
2.75625	2.75976	2.77000
3.64136	2.75976	3.69000
4.52647	2.75976	4.15000
5.41158	2.75976	3.69000
6.29669	2.75976	5.07000
7.18179	2.75976	5.99000
8.06690	2.75976	10.10000
8.95201	2.75976	11.10000
9.83712	2.75976	10.10000
10.72220	2.75976	10.10000
11.60730	2.75976	10.10000
12.49240	2.75976	11.10000
-14.94590	3.39856	11.10000
-14.06080	3.39856	11.10000
-13.17570	3.39856	8.30000
-12.29060	3.39856	10.10000
-11.40550	3.39856	10.10000
-10.52040	3.39856	8.30000
-9.63527	3.39856	8.30000
-8.75016	3.39856	7.38000
-7.86505	3.39856	10.10000
-6.97995	3.39856	4.15000
-6.09484	3.39856	3.23000
-5.20973	3.39856	2.31000
-4.32462	3.39856	1.38000
-3.43951	3.39856	1.84000
-2.55440	3.39856	3.69000
-1.66929	3.39856	5.07000
-0.78419	3.39856	3.69000
0.10092	3.39856	4.61000
0.98603	3.39856	4.61000
1.87114	3.39856	5.07000
2.75625	3.39856	4.15000
3.64136	3.39856	5.53000
4.52647	3.39856	4.61000
5.41158	3.39856	4.15000
6.29669	3.39856	7.38000
7.18179	3.39856	11.10000
8.06690	3.39856	10.10000
8.95201	3.39856	10.10000
9.83712	3.39856	8.30000
10.72220	3.39856	10.10000
11.60730	3.39856	11.10000
12.49240	3.39856	11.10000
-14.94590	4.03736	11.10000
-14.06080	4.03736	11.10000
-13.17570	4.03736	11.10000
-12.29060	4.03736	11.10000
-11.40550	4.03736	11.10000
-10.52040	4.03736	10.10000
-9.63527	4.03736	10.10000
-8.75016	4.03736	10.10000
-7.86505	4.03736	5.07000
-6.97995	4.03736	5.07000
-6.09484	4.03736	1.84000
-5.20973	4.03736	2.31000
-4.32462	4.03736	1.84000
-3.43951	4.03736	2.77000
-2.55440	4.03736	5.53000
-1.66929	4.03736	5.99000
-0.78419	4.03736	3.69000
0.10092	4.03736	3.69000
0.98603	4.03736	7.38000
1.87114	4.03736	5.53000
2.75625	4.03736	4.15000
3.64136	4.03736	11.10000
4.52647	4.03736	5.07000
5.41158	4.03736	5.53000
6.29669	4.03736	11.10000
7.18179	4.03736	11.10000
8.06690	4.03736	11.10000
8.95201	4.03736	7.38000
9.83712	4.03736	11.10000
10.72220	4.03736	10.10000
11.60730	4.03736	11.10000
12.49240	4.03736	11.10000
-14.94590	4.67617	11.10000
-14.06080	4.67617	11.10000
-13.17570	4.67617	11.10000
-12.29060	4.67617	11.10000
-11.40550	4.67617	11.10000
-10.52040	4.67617	11.10000
-9.63527	4.67617	8.30000
-8.75016	4.67617	10.10000
-7.86505	4.67617	8.30000
-6.97995	4.67617	3.69000
-6.09484	4.67617	3.69000
-5.20973	4.67617	2.77000
-4.32462	4.67617	2.77000
-3.43951	4.67617	4.15000
-2.55440	4.67617	3.69000
-1.66929	4.67617	6.45000
-0.78419	4.67617	2.77000
0.10092	4.67617	6.45000
0.98603	4.67617	5.99000
1.87114	4.67617	5.99000
2.75625	4.67617	10.10000
3.64136	4.67617	11.10000
4.52647	4.67617	5.99000
5.41158	4.67617	10.10000
6.29669	4.67617	10.10000
7.18179	4.67617	10.10000
8.06690	4.67617	8.30000
8.95201	4.67617	8.30000
9.83712	4.67617	10.10000
10.72220	4.67617	11.10000
11.60730	4.67617	11.10000
12.49240	4.67617	11.10000
-14.94590	5.31497	11.10000
-14.06080	5.31497	11.10000
-13.17570	5.31497	11.10000
-12.29060	5.31497	11.10000
-11.40550	5.31497	11.10000
-10.52040	5.31497	11.10000
-9.63527	5.31497	10.10000
-8.75016	5.31497	11.10000
-7.86505	5.31497	6.45000
-6.97995	5.31497	5.99000
-6.09484	5.31497	5.07000
-5.20973	5.31497	4.15000
-4.32462	5.31497	3.69000
-3.43951	5.31497	5.53000
-2.55440	5.31497	3.69000
-1.66929	5.31497	3.69000
-0.78419	5.31497	3.23000
0.10092	5.31497	4.61000
0.98603	5.31497	6.45000
1.87114	5.31497	7.38000
2.75625	5.31497	10.10000
3.64136	5.31497	11.10000
4.52647	5.31497	11.10000
5.41158	5.31497	11.10000
6.29669	5.31497	8.30000
7.18179	5.31497	8.30000
8.06690	5.31497	8.30000
8.95201	5.31497	8.30000
9.83712	5.31497	5.53000
10.72220	5.31497	8.30000
11.60730	5.31497	11.10000
12.49240	5.31497	10.10000
-14.94590	5.95377	11.10000
-14.06080	5.95377	11.10000
-13.17570	5.95377	11.10000
-12.29060	5.95377	11.10000
-11.40550	5.95377	11.10000
-10.52040	5.95377	11.10000
-9.63527	5.95377	11.10000
-8.75016	5.95377	10.10000
-7.86505	5.95377	5.53000
-6.97995	5.95377	6.45000
-6.09484	5.95377	5.53000
-5.20973	5.95377	5.53000
-4.32462	5.95377	5.07000
-3.43951	5.95377	5.07000
-2.55440	5.95377	5.53000
-1.66929	5.95377	5.99000
-0.78419	5.95377	4.15000
0.10092	5.95377	7.38000
0.98603	5.95377	6.45000
1.87114	5.95377	11.10000
2.75625	5.95377	10.10000
3.64136	5.95377	8.30000
4.52647	5.95377	11.10000
5.41158	5.95377	11.10000
6.29669	5.95377	11.10000
7.18179	5.95377	10.10000
8.06690	5.95377	11.10000
8.95201	5.95377	7.38000
9.83712	5.95377	6.45000
10.72220	5.95377	7.38000
11.60730	5.95377	8.30000
12.49240	5.95377	10.10000
-14.94590	6.59257	11.10000
-14.06080	6.59257	11.10000
-13.17570	6.59257	11.10000
-12.29060	6.59257	11.10000
-11.40550	6.59257	11.10000
-10.52040	6.59257	11.10000
-9.63527	6.59257	8.30000
-8.75016	6.59257	6.45000
-7.86505	6.59257	7.38000
-6.97995	6.59257	5.99000
-6.09484	6.59257	4.15000
-5.20973	6.59257	7.38000
-4.32462	6.59257	8.30000
-3.43951	6.59257	7.38000
-2.55440	6.59257	3.69000
-1.66929	6.59257	5.53000
-0.78419	6.59257	5.99000
0.10092	6.59257	6.45000
0.98603	6.59257	8.30000
1.87114	6.59257	6.45000
2.75625	6.59257	8.30000
3.64136	6.59257	11.10000
4.52647	6.59257	11.10000
5.41158	6.59257	11.10000
6.29669	6.59257	11.10000
7.18179	6.59257	10.10000
8.06690	6.59257	10.10000
8.95201	6.59257	11.10000
9.83712	6.59257	10.10000
10.72220	6.59257	8.30000
11.60730	6.59257	10.10000
12.49240	6.59257	11.10000
-14.94590	7.23138	11.10000
-14.06080	7.23138	11.10000
-13.17570	7.23138	11.10000
-12.29060	7.23138	11.10000
-11.40550	7.23138	8.30000
-10.52040	7.23138	11.10000
-9.63527	7.23138	7.38000
-8.75016	7.23138	8.30000
-7.86505	7.23138	7.38000
-6.97995	7.23138	5.53000
-6.09484	7.23138	6.45000
-5.20973	7.23138	10.10000
-4.32462	7.23138	6.45000
-3.43951	7.23138	11.10000
-2.55440	7.23138	10.10000
-1.66929	7.23138	11.10000
-0.78419	7.23138	7.38000
0.10092	7.23138	10.10000
0.98603	7.23138	8.30000
1.87114	7.23138	8.30000
2.75625	7.23138	8.30000
3.64136	7.23138	11.10000
4.52647	7.23138	11.10000
5.41158	7.23138	11.10000
6.29669	7.23138	11.10000
7.18179	7.23138	10.10000
8.06690	7.23138	10.10000
8.95201	7.23138	7.38000
9.83712	7.23138	11.10000
10.72220	7.23138	10.10000
11.60730	7.23138	11.10000
12.49240	7.23138	11.10000
-14.94590	7.87018	11.10000
-14.06080	7.87018	11.10000
-13.17570	7.87018	11.10000
-12.29060	7.87018	11.10000
-11.40550	7.87018	10.10000
-10.52040	7.87018	8.30000
-9.63527	7.87018	11.10000
-8.75016	7.87018	8.30000
-7.86505	7.87018	10.10000
-6.97995	7.87018	5.53000
-6.09484	7.87018	6.45000
-5.20973	7.87018	8.30000
-4.32462	7.87018	6.45000
-3.43951	7.87018	10.10000
-2.55440	7.87018	11.10000
-1.66929	7.87018	11.10000
-0.78419	7.87018	10.10000
0.10092	7.87018	7.38000
0.98603	7.87018	6.45000
1.87114	7.87018	10.10000
2.75625	7.87018	6.45000
3.64136	7.87018	10.10000
4.52647	7.87018	11.10000
5.41158	7.87018	11.10000
6.29669	7.87018	11.10000
7.18179	7.87018	10.10000
8.06690	7.87018	8.30000
8.95201	7.87018	10.10000
9.83712	7.87018	8.30000
10.72220	7.87018	11.10000
11.60730	7.87018	11.10000
12.49240	7.87018	11.10000
-14.94590	8.50898	11.10000
-14.06080	8.50898	11.10000
-13.17570	8.50898	11.10000
-12.29060	8.50898	11.10000
-11.40550	8.50898	11.10000
-10.52040	8.50898	11.10000
-9.63527	8.50898	11.10000
-8.75016	8.50898	11.10000
-7.86505	8.50898	10.10000
-6.97995	8.50898	11.10000
-6.09484	8.50898	11.10000
-5.20973	8.50898	11.10000
-4.32462	8.50898	10.10000
-3.43951	8.50898	10.10000
-2.55440	8.50898	10.10000
-1.66929	8.50898	11.10000
-0.78419	8.50898	7.38000
0.10092	8.50898	8.30000
0.98603	8.50898	7.38000
1.87114	8.50898	10.10000
2.75625	8.50898	8.30000
3.64136	8.50898	10.10000
4.52647	8.50898	11.10000
5.41158	8.50898	11.10000
6.29669	8.50898	11.10000
7.18179	8.50898	10.10000
8.06690	8.50898	10.10000
8.95201	8.50898	11.10000
9.83712	8.50898	11.10000
10.72220	8.50898	11.10000
11.60730	8.50898	11.10000
12.49240	8.50898	11.10000
-14.94590	9.14778	11.10000
-14.06080	9.14778	11.10000
-13.17570	9.14778	11.10000
-12.29060	9.14778	11.10000
-11.40550	9.14778	11.10000
-10.52040	9.14778	11.10000
-9.63527	9.14778	11.10000
-8.75016	9.14778	11.10000
-7.86505	9.14778	11.10000
-6.97995	9.14778	11.10000
-6.09484	9.14778	11.10000
-5.20973	9.14778	11.10000
-4.32462	9.14778	11.10000
-3.43951	9.14778	8.30000
-2.55440	9.14778	11.10000
-1.66929	9.14778	10.10000
-0.78419	9.14778	10.10000
0.10092	9.14778	10.10000
0.98603	9.14778	11.10000
1.87114	9.14778	10.10000
2.75625	9.14778	8.30000
3.64136	9.14778	11.10000
4.52647	9.14778	11.10000
5.41158	9.14778	11.10000
6.29669	9.14778	11.10000
7.18179	9.14778	11.10000
8.06690	9.14778	11.10000
8.95201	9.14778	11.10000
9.83712	9.14778	11.10000
10.72220	9.14778	11.10000
11.60730	9.14778	11.10000
12.49240	9.14778	11.10000
-14.94590	9.78659	11.10000
-14.06080	9.78659	11.10000
-13.17570	9.78659	11.10000
-12.29060	9.78659	11.10000
-11.40550	9.78659	11.10000
-10.52040	9.78659	11.10000
-9.63527	9.78659	11.10000
-8.75016	9.78659	11.10000
-7.86505	9.78659	11.10000
-6.97995	9.78659	11.10000
-6.09484	9.78659	11.10000
-5.20973	9.78659	11.10000
-4.32462	9.78659	10.10000
-3.43951	9.78659	11.10000
-2.55440	9.78659	11.10000
-1.66929	9.78659	10.10000
-0.78419	9.78659	11.10000
0.10092	9.78659	11.10000
0.98603	9.78659	11.10000
1.87114	9.78659	11.10000
2.75625	9.78659	10.10000
3.64136	9.78659	11.10000
4.52647	9.78659	11.10000
5.41158	9.78659	11.10000
6.29669	9.78659	11.10000
7.18179	9.78659	11.10000
8.06690	9.78659	11.10000
8.95201	9.78659	11.10000
9.83712	9.78659	11.10000
10.72220	9.78659	11.10000
11.60730	9.78659	11.10000
12.49240	9.78659	11.10000
-14.94590	10.42540	11.10000
-14.06080	10.42540	11.10000
-13.17570	10.42540	11.10000
-12.29060	10.42540	11.10000
-11.40550	10.42540	11.10000
-10.52040	10.42540	11.10000
-9.63527	10.42540	11.10000
-8.75016	10.42540	11.10000
-7.86505	10.42540	11.10000
-6.97995	10.42540	11.10000
-6.09484	10.42540	11.10000
-5.20973	10.42540	11.10000
-4.32462	10.42540	11.10000
-3.43951	10.42540	10.10000
-2.55440	10.42540	11.10000
-1.66929	10.42540	11.10000
-0.78419	10.42540	11.10000
0.10092	10.42540	11.10000
0.98603	10.42540	11.10000
1.87114	10.42540	11.10000
2.75625	10.42540	11.10000
3.64136	10.42540	11.10000
4.52647	10.42540	11.10000
5.41158	10.42540	11.10000
6.29669	10.42540	11.10000
7.18179	10.42540	11.10000
8.06690	10.42540	11.10000
8.95201	10.42540	11.10000
9.83712	10.42540	11.10000
10.72220	10.42540	11.10000
11.60730	10.42540	11.10000
12.49240	10.42540	11.10000
