Run semi-empirical minimization
 &qmmm
    qm_theory='AM1', grms_tol=0.0005,
 scfconv=1.d-10, ndiis_attempts=700,   qmcharge=0,
 /
   6    C1       -5.2200       -8.7380       -3.3040 
   7    N1       -4.7770       -9.6380       -0.9970 
   8    O1       -4.8530      -12.8350        1.7580 
   6    C2       -4.5000       -8.5270       -1.9550 
   7    N2       -5.3840       -8.0760        0.7710 
   8    O2       -3.3570      -13.3450       -2.3270 
   6    C3       -4.0170      -10.8630       -1.3570 
   8    O3       -2.5940      -13.7710       -0.1910 
   6    C4       -4.4640      -12.0950       -0.5250 
   6    C5       -4.2870      -11.7800        0.9790 
   6    C6       -4.9810      -10.4490        1.3710 
   6    C7       -4.5730       -9.2790        0.4340 
   6    C8       -5.6450       -7.8330        2.2130 
   6    C9       -4.6150       -8.5610        3.1030 
   6   C10       -4.6650      -10.0870        2.8530 
   6   C11       -5.6470       -6.3160        2.4850 
   6   C12       -3.7590      -13.4280       -0.9610 
   1   H01       -6.2910       -8.8830       -3.1440 
   1   H02       -5.0880       -7.8580       -3.9370 
   1   H03       -4.8280       -9.6000       -3.8450 
   1   H04       -4.7270      -12.5880        2.6880 
   1   H05       -4.8650       -7.5770       -1.5600 
   1   H06       -3.4230       -8.4290       -2.1160 
   1   H07       -4.9630       -7.2550        0.3410 
   1   H08       -3.1140      -12.4050       -2.4780 
   1   H09       -2.9460      -10.6920       -1.2130 
   1   H10       -4.1950      -11.0770       -2.4120 
   1   H11       -2.4810      -14.7520       -0.1850 
   1   H12       -5.5330      -12.2320       -0.7130 
   1   H13       -3.2190      -11.6980        1.1990 
   1   H14       -6.0620      -10.5860        1.2730 
   1   H15       -3.5100       -9.0370        0.5870 
   1   H16       -6.6360       -8.2290        2.4530 
   1   H17       -4.8100       -8.3570        4.1590 
   1   H18       -3.6120       -8.1860        2.8810 
   1   H19       -3.7060      -10.5110        3.1580 
   1   H20       -5.4300      -10.5350        3.4920 
   1   H21       -4.6750       -5.8780        2.2490 
   1   H22       -6.4050       -5.8200        1.8750 
   1   H23       -5.8710       -6.1150        3.5350 
   1   H24       -4.4600      -14.2710       -0.8610 

