Run semi-empirical minimization
 &qmmm
    qm_theory='AM1', grms_tol=0.0005,
 scfconv=1.d-10, ndiis_attempts=700,   qmcharge=0,
 /
   6    C1        4.7250      -53.6540       -3.4190 
   7    N1        4.6830      -52.7450       -1.0620 
   8    O1        5.1720      -49.5430        1.6520 
   6    C2        4.2450      -53.8510       -1.9650 
   7    N2        5.3490      -54.3280        0.6680 
   8    O2        3.2600      -48.9970       -2.2610 
   6    C3        3.9730      -51.4750       -1.3710 
   8    O3        2.9000      -48.4150       -0.0610 
   6    C4        4.5530      -50.2650       -0.5890 
   6    C5        4.4830      -50.5640        0.9280 
   6    C6        5.1300      -51.9290        1.2740 
   6    C7        4.5840      -53.0800        0.3870 
   6    C8        5.7640      -54.5490        2.0770 
   6    C9        4.8470      -53.7860        3.0560 
   6   C10        4.9120      -52.2650        2.7800 
   6   C11        5.7760      -56.0590        2.3810 
   6   C12        3.8900      -48.8960       -0.9850 
   1   H01        5.8000      -53.4620       -3.4450 
   1   H02        4.5270      -54.5570       -4.0000 
   1   H03        4.2090      -52.8270       -3.9080 
   1   H04        5.1010      -49.7820        2.5900 
   1   H05        4.6700      -54.8000       -1.6330 
   1   H06        3.1560      -53.9440       -1.9420 
   1   H07        4.8240      -55.1270        0.3200 
   1   H08        2.9160      -49.9150       -2.3200 
   1   H09        2.9080      -51.5830       -1.1430 
   1   H10        4.0830      -51.2710       -2.4370 
   1   H11        2.8770      -47.4280       -0.0880 
   1   H12        5.6090      -50.1900       -0.8630 
   1   H13        3.4330      -50.5820        1.2340 
   1   H14        6.2060      -51.8530        1.0890 
   1   H15        3.5260      -53.2590        0.6320 
   1   H16        6.7800      -54.1640        2.2000 
   1   H17        5.1400      -53.9820        4.0900 
   1   H18        3.8170      -54.1360        2.9380 
   1   H19        3.9850      -51.8150        3.1440 
   1   H20        5.7280      -51.8250        3.3580 
   1   H21        4.7780      -56.4870        2.2630 
   1   H22        6.4560      -56.5790        1.7020 
   1   H23        6.1120      -56.2420        3.4040 
   1   H24        4.6620      -48.1140       -1.0490 

