Run semi-empirical minimization
 &qmmm
    qm_theory='AM1', grms_tol=0.0005,
 scfconv=1.d-10, ndiis_attempts=700,   qmcharge=0,
 /
   6    C1      -24.9980        0.4290       47.8970 
   7    N1      -24.1040        2.1270       46.2220 
   8    O1      -25.4860        5.5810       44.1890 
   6    C2      -23.8330        0.8740       46.9860 
   7    N2      -23.2620        3.5020       48.0460 
   8    O2      -26.0610        3.6740       41.9350 
   6    C3      -25.1270        1.9290       45.1650 
   8    O3      -26.3970        1.5580       42.7010 
   6    C4      -25.2100        3.1370       44.1950 
   6    C5      -25.4980        4.4190       45.0260 
   6    C6      -24.4570        4.6080       46.1590 
   6    C7      -24.3540        3.3410       47.0470 
   6    C8      -23.0760        4.8670       48.6020 
   6    C9      -24.3770        5.6930       48.5090 
   6   C10      -24.8190        5.8450       47.0340 
   6   C11      -22.5770        4.7690       50.0560 
   6   C12      -26.3170        2.9170       43.1150 
   1   H01      -25.9020        0.2350       47.3180 
   1   H02      -24.7280       -0.4930       48.4160 
   1   H03      -25.2190        1.1860       48.6530 
   1   H04      -26.2720        5.5530       43.6190 
   1   H05      -23.6150        0.0690       46.2790 
   1   H06      -22.9390        1.0070       47.6010 
   1   H07      -23.3930        2.8250       48.7950 
   1   H08      -26.1010        4.6160       42.1550 
   1   H09      -26.1060        1.7680       45.6230 
   1   H10      -24.8580        1.0350       44.5940 
   1   H11      -26.5890        1.0360       43.4940 
   1   H12      -24.2420        3.2420       43.6970 
   1   H13      -26.4890        4.3220       45.4790 
   1   H14      -23.4770        4.7790       45.7030 
   1   H15      -25.3020        3.2080       47.5910 
   1   H16      -22.3120        5.3770       48.0070 
   1   H17      -24.2350        6.6820       48.9510 
   1   H18      -25.1660        5.1940       49.0780 
   1   H19      -25.8960        6.0250       47.0200 
   1   H20      -24.3430        6.7290       46.6010 
   1   H21      -22.3980        5.7650       50.4680 
   1   H22      -23.3120        4.2620       50.6860 
   1   H23      -21.6400        4.2100       50.1020 
   1   H24      -27.3090        3.1990       43.4980 

